7716 5703
564 5621
3748 3748
833 834
2512 5095
747 1664
1136 1364
1904 4119
1745 5199
1353 3675
1799 3001
365 2238
273 3273
747 2316
2692 3936
143 145
551 648
2816 2816
840 2260
1137 1536
857 3377
1137 1165
1536 3404
272 1871
2302 3760
1909 1909
764 772
271 5162
572 3924
747 3223
271 3153
3170 3170
572 2656
2938 5508
2821 4162
1421 2262
1352 2777
2302 2919
747 1320
2100 4108
636 1284
912 1130
2468 2629
1876 1966
365 3374
1904 2818
271 3576
1137 1738
894 1009
3436 3436
378 1986
138 2800
808 2468
271 2480
72 1551
5193 5193
1137 3473
783 1405
808 1008
1782 3436
1923 3770
314 3174
1137 2350
271 1498
1506 2436
93 743
3427 5060
988 2784
1582 1601
906 2125
1137 5042
1406 3707
308 2516
271 1262
1438 1486
1137 1410
1320 1323
314 2118
1782 3043
381 3517
833 2109
842 1397
912 2468
572 2075
1352 1352
143 840
1040 3895
1243 3982
271 3104
2186 2186
271 2986
783 2232
2396 2396
5094 5287
271 3057
2742 4020
3317 3317
890 4168
2392 5486
1010 1980
44 143
0 2123
271 3487
2012 2624
749 776
0 4
783 2759
913 1647
572 896
46 377
912 1268
1008 1011
1100 3551
767 1620
1137 2558
1043 2021
272 1909
2510 5348
0 1268
1137 1227
1390 2563
3074 3074
2675 3970
263 5020
271 3309
260 1695
400 5374
755 910
3271 3273
2033 3753
365 920
1880 1895
0 1095
1081 1137
1380 1792
1011 2715
1137 5604
747 766
1764 1764
1264 1490
70 271
72 1137
680 5023
1352 2722
365 1788
783 2100
888 2757
749 749
70 344
365 1067
915 1137
365 2871
238 327
5202 5202
912 2302
988 1901
0 3441
77 1939
3225 3225
1392 1591
143 238
988 2613
1251 2142
1695 1695
1011 3818
801 1871
271 1782
747 1570
2437 3011
3978 3978
564 3727
365 2220
1137 2751
1908 3958
912 2254
572 1904
1893 2793
912 914
575 2038
2751 2751
1137 5351
1011 4106
1137 2871
3034 4934
365 2227
271 4926
764 1502
110 1782
912 2100
143 2988
7 1792
1064 1137
365 411
396 1229
3696 3696
1421 3687
888 2781
271 1064
2172 2468
271 2456
3277 3278
1980 3921
68 143
271 2248
636 1845
1044 2377
1016 2726
2774 4054
398 523
365 1600
2429 2429
551 740
356 3278
912 1325
523 1492
1942 2772
1136 1248
912 1238
143 2254
2085 4982
1137 5043
2678 2719
36 257
1421 5414
1137 2510
1144 2872
2600 2600
1036 2668
143 5224
888 984
1182 2382
551 647
272 2015
81 115
273 1370
1643 3217
1688 1717
382 572
1357 2020
93 2301
1352 1584
271 1635
1011 4136
272 608
143 785
2015 2614
529 1356
401 2864
868 2144
356 1736
636 1283
1740 1740
0 2405
985 2807
82 2864
314 5316
2694 4057
1499 3498
783 2942
1274 3573
1884 2706
761 1117
271 2479
271 2356
2707 3821
366 3882
913 1622
1942 2013
783 2822
4952 4952
356 3255
777 2392
2112 2112
71 81
1536 2907
752 910
1905 1988
1048 4007
747 1641
747 913
1137 2478
2048 2048
365 1207
365 2254
365 1156
236 564
2254 2426
1553 1904
572 2074
579 1137
1352 1353
272 1902
81 350
272 3970
1137 2931
1137 1709
747 3210
365 912
783 2479
983 992
832 897
917 1137
2968 2968
2731 2731
743 3389
356 3256
2095 2095
0 5119
138 2055
1900 1900
3001 3001
1024 3904
365 2335
2618 2619
1357 3475
1727 3296
271 5407
271 1094
272 808
1991 2468
1137 3450
1160 2162
271 1480
912 2905
896 4135
864 2468
912 1265
271 1422
1343 1406
572 1005
1087 1662
1352 1979
93 1339
1352 4040
3187 3189
1437 1437
1240 3593
1080 1137
263 1329
2114 3187
3753 3753
1904 3517
523 2286
2506 3537
957 3967
1137 2692
805 998
1343 2123
700 3864
651 782
700 3878
314 2330
590 1485
572 3736
271 3010
145 1904
3717 3942
529 529
1803 1803
801 2776
1137 3011
712 712
1314 1406
365 1077
271 2225
749 750
365 2966
762 1626
827 2476
238 326
1958 1958
143 1547
743 1228
1130 1522
356 3287
143 1397
753 3210
2471 2471
2502 3000
783 1771
93 788
2468 3943
133 2516
365 1343
1177 1392
120 4952
1137 1450
1237 1237
1904 3760
1137 1209
1352 3297
146 146
1343 3144
271 5238
2043 3736
912 912
138 812
1011 2763
805 2618
801 4057
1348 2304
271 3134
365 1079
919 919
2007 3945
272 1038
2891 5167
2114 4921
2665 2891
271 5489
365 2279
1939 1940
143 1051
0 52
93 642
138 1319
76 2988
551 739
912 2864
2114 2759
1421 5183
263 271
564 1137
1137 5050
747 3727
1608 1608
1044 2734
2106 2112
365 1255
1021 1043
1949 2022
551 646
28 2121
138 868
976 976
271 1766
272 2012
257 591
2392 3696
1632 1698
764 774
365 2078
797 4078
378 2613
2891 5422
4040 4146
271 5050
857 3266
64 576
572 3795
747 2100
407 709
636 1290
834 3848
271 3680
2137 2242
1011 3742
2377 2474
1530 3208
0 138
271 1135
797 1997
1008 2058
1925 3912
4146 4146
138 145
859 3683
1890 2618
1942 1944
271 2478
271 2271
3273 3380
785 1904
523 542
1252 3593
1063 1137
271 3024
271 2293
3063 3063
3922 3948
998 4179
912 1329
2407 3141
104 1667
257 2197
1274 1343
572 2780
2699 2699
747 1640
4059 4059
747 912
271 2810
976 1137
681 2145
402 523
1008 1032
2510 3165
0 5263
3278 3313
833 2107
382 3845
730 5062
844 1057
2709 3959
1099 2891
0 1135
912 1541
747 3209
285 1137
2516 5443
1815 2088
272 2479
271 3621
5 1137
2709 3892
2632 3943
1587 1723
696 1008
271 2528
1013 2741
783 5018
2069 2689
1927 1927
365 2334
344 1892
365 5242
365 3165
0 596
271 1366
1137 2341
119 912
524 2595
2135 2137
3409 3409
610 2299
2031 2617
1227 1227
1137 2286
957 1013
1745 3506
3948 4160
881 882
271 1406
1928 1932
990 4116
365 1229
263 1328
1137 1230
1239 1551
93 2397
1975 2810
1352 3876
93 2478
116 3144
1137 5464
1218 1218
1137 1368
2787 3765
271 3106
271 1994
116 1343
2104 3330
2668 2680
68 1343
271 1883
2968 4934
747 764
272 1027
2731 2750
2468 2679
1244 3050
2637 4055
2059 2709
801 2966
1040 2746
100 564
749 751
985 985
1993 2706
143 1088
271 2347
271 3416
365 1069
279 279
2786 3832
138 1335
372 2012
2392 5165
783 3924
365 564
0 3445
1130 3395
271 2159
1137 1138
1137 2125
747 988
271 1226
143 868
2642 2642
912 1909
271 1780
143 2343
940 950
381 680
31 145
272 4159
1527 2382
93 2228
271 568
912 2274
1652 1652
1006 1137
93 285
2085 2665
1661 3210
912 3585
1319 1904
783 2663
2114 3603
1022 2022
365 3592
0 906
2114 2235
272 895
1000 1000
564 1481
257 3692
271 3460
1008 2706
1959 3813
271 2376
34 271
890 3855
1406 2430
138 1320
1101 1101
2448 5078
407 523
1108 2396
911 1137
1356 2789
1137 3596
599 599
575 2694
271 1241
1602 1698
1137 2508
101 564
783 3065
913 3216
271 5180
139 145
608 2068
572 1873
365 2177
272 2683
764 775
271 5159
1192 3143
671 1041
1942 2225
896 2012
135 1137
1137 5575
636 1289
2891 5239
315 1110
3683 3683
564 747
1908 1977
523 689
957 2703
47 2007
1524 3796
985 2744
521 4088
365 2302
1268 1904
0 3593
1177 1575
271 3572
1137 3470
1353 3317
1268 2341
376 2682
1041 4029
591 747
2137 3138
365 4989
1253 3593
93 2114
1906 2774
1352 1946
365 728
365 1209
143 155
797 2645
359 1137
1137 2789
271 2692
302 2689
1589 1589
1137 2700
833 2106
81 100
272 4064
0 5388
680 934
2510 2920
0 271
1011 3953
331 332
272 572
143 568
1044 1942
271 4975
272 995
81 5375
2468 2717
2614 2614
363 1137
271 1104
402 817
797 3881
1051 1137
912 1811
138 707
523 526
1071 2022
1105 1105
507 871
271 1530
385 1016
3273 3287
278 304
271 1478
1441 2468
589 591
486 636
271 2137
1137 2276
747 1777
764 1623
1883 3776
2234 2234
1137 4946
81 394
1137 2474
2384 5118
5095 5095
572 2005
72 271
2468 3926
2468 3186
1335 2395
1419 2088
2654 4175
2891 5555
743 4908
1904 2085
747 1404
145 761
1137 1330
1438 1745
271 3008
1244 5536
302 608
356 1708
523 785
93 912
365 2359
2022 4053
1024 3707
408 2095
378 892
2334 2334
1008 1998
1035 1944
0 2095
2422 2422
749 752
985 986
1591 1604
1113 1137
238 325
1008 1352
0 3494
356 3285
912 1635
762 764
890 1893
1137 2338
1154 1154
1137 3537
726 1137
523 1081
523 1406
709 709
0 2968
271 1779
236 636
2292 4998
1971 2667
912 1201
1607 3310
832 1948
891 3769
1920 3982
1161 3005
2007 2702
272 2774
331 1977
272 1957
1022 2791
1137 5438
120 143
40 2337
365 2172
575 2039
228 307
678 678
272 3885
568 1904
1043 2468
785 5285
356 1137
2928 4970
365 1410
2709 3715
272 1042
242 327
680 1067
285 285
1804 3588
4119 4119
143 1181
271 5487
145 271
2253 2863
912 3435
747 1629
271 2474
271 970
143 1050
3201 3330
1183 1183
365 5193
2007 2114
1371 3302
564 2125
1077 1077
3241 3330
730 944
1352 2033
1008 3707
2888 3517
1091 1091
551 1981
1006 3814
859 2891
5281 5327
3736 3939
1893 2631
1524 2677
636 818
2468 3522
572 611
1113 2891
2474 2730
2359 2359
2223 5015
1235 2226
2689 2891
271 3074
2679 3984
806 2114
143 783
1903 2793
3728 4004
0 1547
1352 3026
0 988
3823 3823
368 565
356 1735
857 3325
636 1288
414 2891
2056 2707
795 2891
1506 3170
1178 1274
1871 3807
238 1137
32 584
138 1893
1980 3766
700 973
378 1990
46 46
93 564
3041 3453
271 1004
3506 4945
3404 3404
2927 3595
285 423
1137 3391
2772 2810
912 1343
1240 1240
1137 3665
912 2891
62 365
1005 2639
1421 5367
1745 5153
1622 3225
93 1325
860 1587
1137 2176
572 2795
523 1397
365 765
572 2717
365 3216
365 1208
2468 3792
1137 5176
2468 3836
2254 2423
833 2105
636 661
1803 2392
81 99
1352 1356
271 1574
272 1901
0 365
962 972
1137 5323
4029 4029
1011 2680
0 232
747 758
1137 3116
1048 2697
2392 5580
0 912
2891 5218
1901 2709
0 2309
1406 2234
934 1406
539 539
1211 1456
1041 3927
1553 2591
365 1108
271 1091
120 1343
2769 3806
1707 1707
581 948
1357 2512
1207 1207
618 620
344 2069
808 986
3441 3441
912 2298
143 1108
678 1137
1012 1945
680 3083
768 910
1601 1681
1137 1602
1031 3908
2048 3871
271 1312
135 1129
1871 2693
365 1402
399 1313
1137 2151
271 747
3187 3188
2641 2705
1406 1904
769 1137
1137 1455
271 1165
1421 5371
523 1108
1137 2473
1906 2805
747 1701
761 770
1137 1229
1893 2640
325 2600
1022 3786
608 1942
331 623
271 564
2636 2643
314 4951
365 5464
272 1963
1137 2975
523 525
523 1343
806 958
212 636
1352 2668
1213 1430
138 785
783 2429
271 4132
572 572
1352 2611
1137 1757
2989 2989
271 5550
0 2094
271 2222
143 1087
1008 1918
747 2836
2145 3362
1370 1594
1035 2061
271 2432
271 2177
988 1904
909 2239
581 1108
2336 2336
988 1137
143 988
2920 3480
868 1815
993 1524
1137 1431
143 2341
410 3692
754 1087
2561 5443
1137 1206
1137 1557
271 5177
70 783
271 567
3011 3011
2891 3663
1942 2100
1352 1578
1893 3948
3121 3728
271 1628
769 3229
572 1944
2379 5507
0 5421
1904 2891
244 2392
3733 3969
273 1597
2125 3126
1942 2676
1587 1597
4119 4120
2043 2704
2780 3731
1490 1670
271 5486
591 676
365 1147
271 1081
143 1201
1018 3965
2125 3653
1010 3732
271 2374
315 1341
410 2545
680 726
2818 2818
2771 3830
2512 2512
551 737
3187 3187
365 568
1572 1591
3883 3883
365 1360
314 3050
271 2872
1100 2125
1137 2098
1137 2514
138 1035
93 2360
138 962
1137 1383
227 1984
143 1901
2125 2474
3096 3096
1357 2017
1050 2828
539 1137
985 3703
2088 5070
764 769
74 145
989 2699
988 3824
2633 2635
1054 2082
1229 2068
815 1871
402 1545
1352 2795
0 246
365 2506
0 937
1079 1137
1135 2474
2114 2468
1012 3770
365 2397
1010 1995
0 79
1685 1685
410 1864
1958 1988
758 1137
1099 1706
610 2091
1628 1635
271 1358
2510 3569
1577 2468
868 2818
1921 1998
271 1201
1137 2563
271 2899
365 764
747 1632
132 133
2437 5205
1971 2618
1421 5387
62 821
1026 1900
912 2665
2678 2678
783 912
957 957
1782 2829
625 625
564 5078
365 3116
833 2104
272 1945
365 1567
3273 3278
1909 1969
1352 1357
2709 3956
981 2468
271 4897
271 3986
1904 2614
2795 3829
1240 2392
1777 1777
271 2526
890 4084
1591 3316
2263 2263
261 1268
1008 1893
2382 3489
2679 3881
1914 2795
618 621
261 358
1942 2053
419 2988
2772 2772
1048 3799
1960 2664
890 2793
1092 1438
564 1130
1359 2903
1 1100
138 1108
1137 4944
907 907
572 2688
354 1137
1406 2013
1137 1397
315 4908
81 5065
2297 2893
378 4077
138 1406
271 1714
1133 2309
1137 1369
314 2441
2264 2264
365 5359
1116 1746
2125 5376
523 524
2063 3861
1011 1917
271 3130
1421 2174
1137 1683
17 2193
263 1412
365 2577
272 3842
406 3613
138 783
2709 3739
272 3746
1945 2777
783 5259
3537 3537
0 2277
2928 5106
1980 4039
747 1881
224 2756
988 1035
783 5002
271 5210
271 2449
743 3559
2071 3765
670 1137
365 1635
564 1553
143 1086
1944 2666
629 3873
1357 2445
3716 3716
1005 2060
3779 3779
1067 1335
133 238
1927 2641
365 2896
1137 3427
3934 4022
654 1137
848 913
1896 2795
1408 1408
783 5421
1909 2545
3601 3601
1137 2536
1043 2775
2809 4146
232 271
1586 1591
1268 1550
1137 2662
2638 2773
608 2048
3201 3377
834 4070
325 1053
957 1352
1393 2088
1238 1238
1565 1565
379 571
1137 1787
1108 2028
888 2018
2891 3386
1137 2989
271 1130
365 2384
1247 3001
2392 5011
1537 1537
2647 2647
79 271
1733 3278
271 5354
747 4934
143 1137
398 3592
2778 3769
1923 2717
910 1261
572 2759
1137 1249
1137 1193
2286 4890
1529 1529
153 2988
2047 2652
761 3231
1013 1013
271 3073
564 1883
365 5281
56 2988
365 2535
1011 3893
3216 3216
636 1294
1000 2815
365 1776
356 1674
400 1180
0 5162
271 3571
2089 3631
988 3988
888 1352
1872 2015
2309 2309
1137 3474
372 702
143 2337
271 381
1904 2302
3385 3517
783 1197
271 2922
106 1792
2808 2808
518 3727
1187 2304
1133 2478
2889 3517
2084 5002
599 1011
271 1788
365 1206
1137 5238
365 2272
1871 1955
3210 3210
1709 1709
1587 3238
1352 1727
1708 1708
1801 2891
385 3985
1624 1656
68 3093
1745 2891
769 1658
886 2632
0 2455
271 2244
564 680
2719 3771
3083 3083
747 835
1906 4184
2468 2714
271 3700
0 2307
957 2675
293 2748
143 1081
0 4962
271 2506
1335 2874
1900 4133
0 1
120 5306
1942 2056
1907 2468
2808 3707
3837 4040
271 2174
672 672
1163 3252
1899 4046
2698 2699
890 2794
143 3943
678 1502
572 1909
1137 2344
1101 1137
143 236
1101 2427
951 1137
1035 3724
1524 2811
564 2224
271 2619
154 1110
365 1227
72 145
1011 1891
747 2302
1137 1560
365 5472
564 912
1137 3814
241 2602
46 93
890 1137
314 3433
5241 5241
93 3575
995 1908
4072 4072
2510 3092
271 914
857 3205
2087 2087
1406 1772
0 1011
680 2238
988 3748
138 236
611 2713
523 783
0 2577
1044 3792
891 1985
2022 4017
747 1358
1959 4029
365 2356
762 762
1114 2254
1745 3151
564 1051
3560 5074
2088 2157
2615 3780
1137 1141
572 2739
1043 1956
747 1650
271 1238
1690 1695
271 2769
271 1777
940 953
0 2891
2618 2803
921 1050
774 774
747 1553
271 5261
572 1926
2222 2478
700 3840
2510 2959
3972 3978
271 839
365 2595
1455 4539
1587 1599
783 3414
2085 2394
2791 2801
272 967
912 1108
1698 3306
858 3832
910 1663
686 3499
1904 2474
325 539
271 5461
271 2372
1004 1942
1739 5433
2654 4030
0 3385
1137 2385
858 858
372 1904
271 2100
1901 4007
1320 2132
2752 2752
1906 1906
1921 4093
271 2896
747 1659
2356 2356
1536 1536
81 3131
906 1268
1137 2223
1335 3578
289 401
365 1198
1212 2891
1137 2733
272 4043
2384 2503
2168 2168
700 3794
1693 3250
2476 3433
378 2742
1178 1178
365 5280
909 2292
365 3593
572 3915
988 3829
1609 1693
365 906
572 2100
625 1035
1108 4175
333 611
783 2844
1904 1904
3041 3573
641 641
636 1293
2022 3960
1356 3729
365 1768
917 5002
1406 2138
93 689
331 1035
777 988
636 1838
0 2143
271 1474
1048 3725
2891 3660
271 2132
700 1879
572 2758
995 1035
365 5411
1900 3755
1149 1568
271 1200
241 3496
365 766
747 1630
813 1035
1137 2480
1137 2219
402 533
381 652
17 257
1585 3186
331 2039
366 4031
909 1394
914 3774
0 362
1406 4960
1212 1212
3776 3776
694 2713
793 793
272 575
565 1043
271 1944
1108 1918
320 743
669 1591
2722 2722
912 2391
833 1745
271 1543
271 2173
356 3317
1871 2770
636 1860
2698 2698
1406 2478
909 3111
365 5023
86 241
1582 1587
1137 2155
764 1634
143 2437
0 2929
271 1403
1137 2268
271 2618
1137 1396
271 1803
564 868
15 81
2474 5168
1073 1137
343 523
783 2044
1137 1177
358 2951
5002 5002
2889 2889
383 2510
1137 2974
271 3218
365 5354
142 143
2063 4001
1357 3863
365 846
1352 1630
378 2681
271 3129
356 2145
912 2988
769 1636
356 356
365 1406
1406 5165
398 2085
371 371
365 785
75 271
271 3597
958 1008
257 365
40 610
365 1073
365 1704
271 964
143 1085
915 2891
99 1137
365 1591
228 2516
365 2890
143 1544
143 2665
1358 1904
783 3922
271 2334
365 5160
62 3682
397 1315
1137 3613
1904 4934
957 1927
1136 1371
1036 2678
1137 2453
0 2890
1137 5205
2089 2089
271 1764
572 1986
381 2286
832 4181
783 1137
365 1081
764 4974
17 2198
271 5042
572 3709
143 3290
797 1137
2114 2588
2276 2468
608 2709
259 834
1524 3905
3855 3855
1024 3860
833 2108
365 2385
372 572
1438 3074
683 1536
976 2697
1008 2631
402 2593
987 1013
2891 4946
238 1244
0 46
271 1560
1011 1011
93 1769
116 2515
271 2099
912 4922
223 1046
1343 3517
2057 2618
2676 3821
2224 2302
271 1329
139 625
747 1658
314 2169
271 659
2476 3559
1335 3577
1893 2635
272 2724
19 610
24 143
271 3168
903 1922
1499 1499
257 1137
1800 2437
2015 4072
1006 3993
700 3923
1624 1639
365 2095
909 2297
989 2698
572 3918
600 974
1904 1942
365 1431
114 3856
2052 2814
1635 3220
636 1292
783 2359
990 1268
1653 1718
2137 2239
17 2988
2069 2821
754 1895
1406 2316
2668 2715
1672 3243
1602 3312
1048 2004
912 1346
1782 3441
1137 3668
271 2131
488 636
957 3823
805 1931
138 523
2012 2351
1137 4950
2436 5562
1871 2066
835 1723
143 821
680 2240
518 1052
912 3278
1108 1764
834 2686
2476 3050
93 1051
2737 3874
2412 3074
912 1149
1137 1710
2891 3474
271 911
891 1357
747 748
379 2632
1137 1804
1562 1942
271 3593
0 2967
1008 2012
3187 3262
912 1397
336 611
1597 1597
1176 1177
377 4055
1536 2986
1942 1969
3758 3765
93 2665
271 2398
507 881
2022 3884
365 596
564 5489
1217 1371
93 777
313 314
271 2845
2468 3601
1137 2154
2828 2891
143 2114
145 564
2700 3872
69 99
14 271
1745 2122
0 1201
299 551
1137 2244
1881 2991
271 3763
93 2480
1652 3217
378 3956
1137 1335
272 3889
271 5018
857 3207
143 1325
783 2464
365 1408
1587 1591
409 1318
356 1719
272 1010
365 833
751 910
2733 2891
276 2392
1950 1984
94 257
749 756
1942 2974
0 104
1059 2125
356 3182
890 2077
1942 3760
681 2468
365 5156
572 957
1137 1907
1137 2322
271 1325
120 1108
507 873
1137 5001
762 1635
1536 2117
143 261
1929 1935
0 2889
365 1183
1251 2891
365 3046
0 1499
783 3625
365 5388
1177 1569
1027 1048
1352 1582
1872 2676
3435 3435
749 1663
331 341
1137 1320
1357 2135
638 5013
1243 1243
2683 3890
271 2333
1137 1591
783 2272
3082 3149
271 4944
912 2123
2056 2468
24 116
564 1480
2087 3074
93 138
572 810
271 1078
5020 5020
1137 2058
3900 5177
0 45
671 2622
913 2545
896 2690
890 1958
1343 2515
2739 2739
271 1272
1137 2318
834 1035
2512 2537
1352 3560
2875 2875
698 962
1404 3202
783 5337
491 636
2293 3531
1137 1191
1893 2636
565 887
2254 2422
271 5197
93 257
272 1883
551 558
1038 1038
271 4988
365 3589
1343 2730
365 908
365 1430
912 1468
2468 3074
2379 2915
747 1617
273 1702
3239 3239
81 143
1882 4147
636 1291
1904 2012
700 2026
895 988
271 3568
272 990
145 257
2069 2820
2365 3427
638 1137
2344 2344
2678 3779
3717 3717
1872 1904
0 3464
1353 2841
1008 2891
783 1241
2426 2426
145 7645
143 1406
271 1510
271 2130
356 2990
62 840
143 223
1097 1137
46 1008
572 1033
1137 5242
1530 3324
1674 1674
958 4028
365 3113
2016 2016
271 5094
2043 3905
565 808
783 3603
271 1656
3190 3190
314 5562
1408 1739
747 747
783 994
1335 2992
1653 1694
2015 2015
0 5029
0 2115
70 70
833 927
823 832
1137 3525
1904 2235
0 3571
271 1008
988 1998
145 371
356 3205
912 941
345 986
1871 2650
1352 1354
365 5042
912 1205
271 2844
1160 3485
115 365
365 783
1422 1764
1670 1670
2627 2627
777 4004
857 3365
777 1343
764 3209
408 523
365 2136
0 2585
498 1227
769 1634
2228 2229
1212 4953
2637 4021
1160 1527
365 2088
271 1969
1137 1406
2872 2872
3549 3549
1406 1430
1035 2033
350 2928
1015 2065
1244 4910
581 1373
1530 3264
271 2448
2056 2675
143 1084
1021 2022
1010 3819
365 2892
398 1479
1499 2421
1904 2391
1041 2725
271 2095
1921 4020
2437 2891
777 1942
1160 3456
344 3958
1137 1139
564 3627
2903 5208
1137 5000
4008 4008
912 1904
3401 3401
957 4116
1137 1544
1406 1709
271 5259
271 3670
1137 5357
2493 3647
1137 1319
2891 5439
0 1743
143 1343
394 2928
681 681
1011 3856
1979 2726
116 143
913 1427
145 912
365 2392
1137 2993
564 1343
1137 1745
1357 5488
271 1077
890 3933
1265 2125
2125 4936
1352 1777
0 2333
913 1636
131 1137
909 1212
3764 3825
1370 1904
636 2190
2076 3736
146 2988
238 2468
138 2302
271 1343
523 1051
1591 1678
912 1944
857 1082
747 1624
783 5338
2614 3713
1599 1599
726 1050
1893 2637
2635 2635
2254 2421
1137 1541
1116 1137
2085 3001
0 5475
0 1186
784 1106
1745 5474
344 3719
72 912
572 1893
743 1137
551 557
564 3010
271 3147
1536 5361
365 904
2903 3059
378 572
758 3211
1620 1635
1137 5556
636 1298
1137 3035
783 2203
81 269
1871 3809
271 3567
143 365
1358 2347
271 3479
2510 2571
1040 2796
656 2828
2706 3074
0 36
135 2510
564 1406
942 942
783 5550
1575 1591
990 1108
1536 5068
1961 1961
2510 5538
2029 4046
263 2186
3832 3835
747 1635
957 3757
1137 3425
572 1035
783 3020
1108 2696
1139 1764
1067 1388
2891 5480
1243 2136
143 680
764 788
53 271
365 917
3563 4931
2400 5543
36 1798
833 1904
1137 2363
797 3858
229 636
591 1158
14 398
271 5542
706 988
2516 5295
365 1119
145 1107
833 926
272 372
1370 3197
271 846
1942 2059
271 2397
271 1541
1262 1262
342 523
2733 3977
1048 3804
1390 1391
314 3123
1008 1013
271 2151
2468 3931
1223 1223
271 1219
978 1912
657 2891
1119 1119
967 2618
143 269
564 3411
145 606
1024 1352
1995 2991
1223 3185
81 546
72 143
1900 4068
1137 3074
764 3210
764 3862
1704 2891
81 87
1352 3769
749 1570
1357 5123
564 3000
611 783
3963 5495
1397 2067
680 1116
1872 4089
0 1077
0 2218
5445 5445
0 2524
3829 3829
2088 2521
2468 2642
2637 4112
1714 1714
272 1008
1316 3117
2678 3966
1335 5462
365 1139
2386 2386
1254 1339
1915 1915
378 1942
1192 1419
1237 2841
610 2152
271 2427
365 617
271 1544
3205 3205
2412 3563
610 2249
1499 2422
1357 3563
2777 3952
1704 1704
2706 3733
1904 2125
1212 2396
271 2863
5065 5543
1152 4925
1043 2782
69 81
271 1774
263 365
1745 4920
271 591
1715 2145
1587 3208
315 3683
365 3068
1263 1580
608 869
272 1885
365 1539
1137 5445
572 3121
912 1553
1900 2634
914 3851
314 2382
1137 1656
917 917
4037 4037
1969 3753
2343 3702
802 3986
1406 1410
783 5232
2384 2891
890 4120
365 792
271 2577
143 2891
1591 3268
672 2341
30 1343
1090 1137
761 1662
59 564
169 236
365 2927
5301 5306
600 808
1745 3101
120 358
400 574
138 1226
1041 2793
1163 3301
874 875
593 1893
1468 1468
1137 2301
365 1357
599 1406
11 257
271 1390
747 1623
3877 4021
1099 3196
2238 2333
1743 1743
1356 2648
1241 1241
1137 4897
878 879
0 1316
1763 1763
1872 2545
1893 2638
1632 1632
1137 2737
1137 1530
1650 3218
396 2307
572 1896
551 556
1137 5326
836 1745
1872 4042
2392 3040
1137 3128
1353 1382
236 912
52 783
4934 5070
564 1635
636 1297
1591 2114
1137 1777
3296 3296
365 1766
958 958
0 1739
26 747
0 2145
271 2266
626 3735
271 2392
564 2233
372 1965
386 551
651 1039
777 1908
912 2886
314 1160
759 761
1932 1934
1137 2185
1137 2565
747 1634
145 570
271 672
2742 2799
3923 3923
272 2032
785 2305
1881 1942
2668 3893
1268 2085
271 3653
912 2235
572 695
11 109
1004 1004
271 3613
335 611
1137 1453
2085 2306
2891 5043
623 625
1777 2016
912 1763
271 2422
3935 3986
507 878
271 1540
1137 1996
1005 1005
1158 2156
1623 1655
1137 1916
271 2939
271 2150
377 3929
1172 2510
271 1420
0 3095
1629 1635
2774 2797
1137 2460
271 2614
909 5077
1223 3186
365 5471
783 1906
1900 4069
1315 2384
271 2438
271 1708
272 1966
1184 1184
1108 2784
564 833
271 5122
365 2138
55 257
2302 2302
382 1942
1825 2478
2815 3725
1998 2637
236 2201
1959 2045
399 1203
271 5597
0 5078
295 636
1137 3014
890 4149
41 81
1011 3795
365 2352
572 3992
381 1060
2017 2725
365 1141
17 1864
1008 2724
4040 4040
365 3063
749 759
766 3225
271 3435
3596 3596
2298 3535
271 2426
410 2459
0 675
783 3876
2679 2679
2468 4013
1043 1968
747 1652
1008 3791
882 883
2468 4040
564 2398
0 1600
2254 2594
834 1008
957 3803
783 3150
1137 3886
1234 1364
1133 1133
764 3223
155 155
108 365
1137 1318
2088 5006
572 3727
523 1883
0 5241
2468 2615
1976 2706
2068 2068
4014 4014
785 1137
75 1137
753 910
572 802
365 1143
985 1024
0 819
271 2468
783 2954
38 1093
1727 3256
271 988
1802 2891
344 2000
1137 3401
859 2532
1137 1969
365 1991
680 747
2740 3765
271 1492
1137 2300
365 1356
748 910
1348 1348
271 2891
538 542
747 1622
1348 2823
93 2305
2137 3177
321 323
749 1137
523 591
1887 2618
271 726
1893 2639
3258 3259
1236 3408
143 1909
783 1899
278 3990
700 2642
2063 2721
785 5197
1591 3923
551 555
233 2631
0 1104
263 1382
1067 1769
769 3211
365 905
93 1904
747 788
747 2114
1942 2709
636 1296
62 4975
365 3401
271 3672
2022 3976
1585 1585
1011 3739
957 2705
730 2914
271 2595
293 1008
912 5168
2700 2752
138 1492
272 376
2786 3842
1243 2989
271 2309
366 3989
1353 3203
888 4066
1136 1222
2619 2619
564 2302
1932 1933
138 625
365 1318
1137 2572
912 1969
1635 1643
990 5314
3187 3263
143 2302
2864 2864
271 689
46 572
3720 3765
271 3187
611 4129
523 536
365 3627
1002 1984
513 5350
1173 2384
793 2078
1904 1964
3974 3974
1396 1396
263 1245
2078 3458
2384 2384
1524 3852
272 914
623 1035
81 940
0 34
271 5541
350 3002
60 1211
1966 1966
1013 2627
2726 2726
397 523
912 1764
1268 2307
2223 3480
1318 1318
356 3190
344 2061
271 2421
1160 2382
3409 3517
409 907
783 5462
2064 2777
2266 2266
1137 5005
401 511
1035 3719
1908 3719
636 2191
792 1612
2151 2151
379 3929
241 1137
365 5461
1137 2960
1137 1324
358 1565
1013 2043
1980 4179
2474 3278
74 74
1006 2070
857 3313
2645 2645
973 1137
2468 2775
1524 3757
1137 3677
365 1140
3621 3660
3675 5348
749 753
1421 5069
2144 5403
120 2889
68 2085
238 308
271 2425
783 2743
138 2474
783 3877
1607 3186
81 1400
834 1040
0 523
1108 3558
1137 2594
1591 1697
1352 2019
1421 5429
2516 3645
2451 2810
3832 3840
1339 1339
997 2789
1239 2828
143 3517
747 1533
2891 3670
365 2165
591 942
1543 1543
2222 2222
1525 2235
223 2631
2063 3768
325 365
2054 2698
271 3041
1137 1571
3365 3365
591 1137
156 1040
1140 1140
680 5053
1079 1079
365 1764
783 1359
365 2380
355 2254
591 710
1406 2173
1 5388
913 1637
0 61
2473 5177
1137 2229
271 2912
1137 1877
271 365
2145 2145
21 5375
410 523
1901 4077
379 3811
747 868
2468 3728
638 3122
1137 1529
365 1561
572 1897
551 554
244 244
1137 2938
38 143
1069 1108
365 1160
492 636
1792 2891
912 1533
271 2998
783 2219
609 2468
912 2151
358 1083
636 1295
783 2356
1137 3040
1893 2641
1137 1782
3845 4098
1894 2646
561 1984
46 271
3621 3621
2468 2471
2809 3982
61 271
3207 3311
711 832
271 2264
143 358
271 2391
1356 2292
912 5045
564 2085
365 5109
641 1137
1356 2512
1043 1924
138 626
1184 2260
385 1942
811 2706
1352 1942
365 1220
909 2135
1458 1492
138 1024
119 358
271 1743
344 345
365 1165
385 2731
895 895
835 1594
608 2007
912 2233
271 1591
1118 1154
1944 4084
912 1544
1137 1721
1243 2238
1268 2988
1137 1268
2125 2220
1137 1622
271 4890
564 3131
20 81
912 2085
826 827
1633 1659
238 3699
2137 4998
783 2573
271 2546
2022 4079
347 625
1035 1969
263 3613
1889 2636
3779 3889
3014 5065
1000 1048
3385 3385
1406 1567
1008 1014
783 783
238 321
271 2420
1591 4560
2772 3903
914 1942
2104 5241
523 1544
747 761
1122 5166
1582 1591
365 1335
1137 2546
2670 3750
4116 4116
93 5085
1659 3214
1356 2700
1137 1401
228 238
761 761
271 614
758 1656
272 4136
365 3040
272 1971
625 1908
808 1904
2137 3634
1244 3389
2363 3521
2638 3952
120 783
1137 2888
13 143
3961 3985
564 1792
1352 2755
2589 2589
405 509
988 4059
2085 2430
783 933
1524 3820
1942 2742
564 1358
365 1137
1137 2272
1032 2769
912 1024
1320 3523
265 2988
783 2282
844 1698
1137 2063
455 2988
1901 3793
1777 1904
912 1370
271 2424
36 36
787 1115
263 1086
2621 2731
1970 2648
1689 3183
325 5059
1704 1707
1871 2622
1419 2417
1010 2706
747 1644
223 303
2676 3902
988 2724
891 891
912 1901
116 2092
1942 4034
2424 4966
785 5005
1022 3894
529 1137
1352 3319
93 2238
2382 5059
2614 4092
143 4934
27 1325
572 618
743 5003
572 1915
81 1792
228 309
2891 3586
4065 4065
1467 1592
572 3728
1244 3559
636 1275
3845 4099
122 228
271 314
1710 2145
365 1763
3453 5113
783 2085
271 5388
365 2293
334 611
1492 2194
2114 2339
365 2928
271 3436
1406 2412
1057 1057
285 1863
271 2282
575 981
2125 5144
271 2911
2892 2892
1137 1884
271 1270
659 5160
257 2194
21 783
365 1358
912 1226
271 2889
1959 2671
747 1628
271 1254
1033 2795
1137 1421
271 599
1370 2474
289 396
1212 3177
356 835
2891 3623
977 2031
365 2988
1041 2010
1055 1055
551 553
2679 2775
769 3209
365 2090
2125 3117
271 2043
783 1013
272 1908
3565 3565
564 783
30 357
1917 1917
574 2891
271 3727
4 224
94 920
896 1979
1602 3293
2046 2709
641 2748
2114 2114
1099 1099
271 1526
630 809
277 365
192 636
1031 3792
271 2307
1137 1947
2392 5116
741 914
365 523
958 3858
1137 3564
365 1319
2745 2745
1635 1649
1035 3753
3187 3261
2614 3908
1137 5244
1137 1235
271 1742
272 4087
1213 2117
1472 2125
381 912
93 271
783 1118
2891 5385
1137 1720
271 909
1137 1267
1090 5202
2709 3752
747 749
271 312
3948 3948
2745 3716
138 2125
2793 2793
1035 2039
271 2545
1343 2838
3942 3942
376 376
138 1954
271 3500
3154 3154
1667 1727
2272 3005
2474 3654
2114 3897
36 2988
356 3188
271 2419
138 1343
143 1553
1994 2778
783 3911
912 1358
762 3224
1356 2554
365 610
564 2114
639 810
271 5181
2494 5396
564 2327
2125 2379
46 382
988 2699
1137 2545
365 4933
1137 2254
0 1274
2496 5094
1908 3724
2618 3820
622 4001
1536 2251
73 1268
271 1756
783 1902
272 1969
143 591
1893 3933
1904 2114
271 5119
271 868
680 5265
271 919
912 1492
2676 2676
271 4919
331 348
1427 1642
1871 3717
1048 2817
271 2570
385 572
895 2646
1959 3927
749 755
1006 2761
271 2360
385 1009
358 3150
1356 3275
888 4047
1205 2526
988 1918
912 1319
2700 3963
700 1925
1458 1458
1137 3621
1782 5440
143 2125
290 1137
3736 3823
365 2244
271 1821
1897 4005
1352 3826
1522 3059
622 4104
636 1126
572 621
1137 1492
365 1536
1137 5422
870 871
1704 3239
100 360
54 271
356 1690
912 3517
833 1137
1008 2737
641 2631
1524 2043
1160 1387
1600 3187
783 2861
1005 2668
271 1524
1370 1579
2478 3096
905 1137
365 2828
651 1045
236 1343
271 2123
406 2872
1137 3593
365 1353
2412 2482
747 1627
2114 2694
2239 2242
990 1013
72 135
1632 3227
1100 2497
356 2468
784 2510
601 3889
1177 1534
1137 1159
2990 2990
1160 3123
2222 2510
0 2545
764 1659
1782 1782
365 3496
1406 5208
30 358
3853 3872
912 1419
2804 4129
1137 2518
399 1545
912 2474
572 790
2891 3074
761 1107
272 377
1137 3163
525 2495
379 1137
2309 2891
972 2690
271 1470
873 874
81 936
365 1368
278 1038
1137 2280
2706 5123
1343 1550
1431 1431
271 1213
1670 3187
3250 3250
271 1397
2220 2220
143 257
895 1917
2358 2891
0 1218
331 1908
1137 1183
332 1035
1012 2773
271 1702
651 2713
2706 4186
365 3008
680 1444
400 1479
787 5543
572 3864
1108 1137
54 5065
678 1764
839 1683
3972 4031
1957 1957
271 1961
580 834
1137 1763
81 5266
985 2797
890 4065
743 2169
271 1051
271 3755
271 3499
365 1116
1008 1872
1906 3839
912 2377
6 1551
2891 2993
356 3187
1355 1650
271 2168
1321 1864
572 2044
523 2254
912 2922
572 987
1390 1390
523 833
2421 2421
518 1428
1237 2468
72 598
2676 3778
983 2771
273 3265
747 1698
365 1178
143 833
1011 1878
747 1051
3050 3050
1975 2709
138 2254
1010 1011
1893 3934
3778 3778
1745 5339
2510 2935
1137 1688
912 3004
1537 3597
1475 1529
382 1913
572 990
271 1963
1130 1787
1040 4163
365 2474
2049 2709
743 3433
783 3483
20 584
2468 2786
564 1352
365 1138
312 1160
680 3688
709 833
772 772
385 1008
1762 3074
1024 4046
3802 4021
238 306
1899 1899
564 1437
912 1320
2641 3851
2468 4921
775 1698
2903 2903
143 2440
1137 5062
1991 3807
1764 2234
747 1642
1137 2114
399 523
1108 2376
0 2976
1136 1679
1560 1560
1137 1255
143 2391
2717 2717
1636 1636
365 1544
1137 5106
138 2224
0 1165
271 3158
1683 1683
30 143
143 2306
2286 5260
271 1904
747 1343
1132 2343
2662 2662
365 1825
564 2891
2114 4925
271 273
403 3479
1061 1061
2795 3983
406 523
1918 1918
906 906
271 5272
356 3243
141 143
2771 2774
379 4181
3755 3755
912 1335
1137 2392
365 579
1035 3958
1137 1882
988 2772
912 4934
271 362
271 2979
1352 3557
365 1352
5095 5387
1356 2780
365 1274
2554 2706
365 3206
1904 3709
1043 2025
143 2286
1904 3792
5486 5486
0 2868
1683 2706
1421 3122
81 108
365 2223
2145 2891
1051 2873
1944 3715
572 3883
1893 2717
271 2224
1721 2145
1352 1467
611 2669
272 1004
1982 2618
238 262
572 3948
797 897
2125 2451
743 743
365 2954
143 2928
1741 2745
1108 1405
912 1740
1137 3461
912 2286
271 1469
572 1908
1024 1986
306 5443
864 4134
1352 2056
764 1701
3187 3259
1024 1959
1928 1938
2706 3931
1406 2036
272 2678
138 1030
1952 2022
1179 2085
764 3192
93 3494
1771 2478
783 3672
365 5344
2737 3882
2392 5426
1160 1160
747 3220
3187 4537
1904 1975
1137 3024
611 611
1108 2235
312 5530
365 1058
145 375
33 143
271 1536
2114 3771
1352 2297
1268 2316
2064 2638
1942 3728
1356 1421
2286 2382
77 1930
1354 3714
518 2742
2468 4968
811 1356
564 935
764 1640
1099 3239
402 1151
572 2654
993 993
743 2875
314 3559
1212 1357
2254 2386
3861 3861
1137 2678
2709 4014
1172 3583
764 2812
1580 1580
2657 3926
769 1640
0 1079
1011 2701
116 564
1901 4164
143 1358
302 354
271 5471
1008 2742
2022 4050
0 3618
1136 1693
608 4149
0 2150
1067 2129
1352 2512
271 958
271 2358
365 683
331 2468
0 2961
1025 1029
890 2056
81 2143
271 2186
342 694
1108 1562
912 1055
747 1649
93 2286
1019 2991
485 636
72 3053
1137 1259
1130 3565
3849 4032
75 610
138 863
909 4998
271 5167
365 3066
659 1119
1472 2085
365 5381
2476 3437
680 1137
834 4106
2888 2888
407 3154
1524 4093
271 3038
271 3665
3881 3881
271 272
3929 3929
743 3683
145 1137
1008 2632
1031 1942
326 3645
263 3585
2778 4061
271 1556
1137 3410
2079 2224
888 2468
1210 1422
228 2545
135 2384
564 5542
1137 1881
271 1268
523 1553
365 1355
85 365
0 1693
885 2744
747 1619
764 1685
695 1884
271 1183
271 596
572 591
365 1560
2254 2823
0 1195
783 3702
365 689
272 1921
769 1647
1872 3723
1070 1318
271 895
636 1299
236 365
564 785
365 2413
1392 1392
2111 2111
0 2468
743 3145
1400 1407
2701 2701
143 1115
1137 2429
271 2304
271 1468
857 1669
271 2145
385 3274
138 1541
525 1183
365 510
576 1544
143 914
915 915
1101 3607
3187 3260
1928 1937
365 1218
1573 1591
1874 2771
0 1240
2080 2468
1341 3170
332 625
2638 3959
868 1137
572 3866
1900 2691
1892 1908
233 343
988 3860
322 325
2479 2891
747 769
1352 2815
2022 3951
1137 1452
1212 3634
1033 1033
564 568
1964 1965
2459 2459
34 143
271 3497
700 1043
2455 2455
145 374
400 527
365 3853
833 912
271 2327
2079 2474
1137 3355
407 951
271 2954
2706 3747
2683 2683
549 551
2365 2891
957 1902
271 764
378 988
138 568
3682 5426
116 1549
2468 3772
666 1782
3768 3768
1421 3071
995 3712
272 3898
271 3120
700 3974
980 980
922 1137
1900 2790
145 302
747 3278
2085 3043
1137 1791
1137 5497
365 2476
1668 3187
2382 2382
1700 1700
3513 3596
680 793
3882 3882
138 2614
269 2085
385 1010
406 780
93 3845
1406 3427
988 1915
76 257
366 4037
354 705
407 919
992 2774
1921 3988
271 2975
1137 3618
138 601
3273 3330
378 1008
1877 2468
2648 2648
747 1648
957 3885
539 3001
983 2747
767 1370
0 2888
1130 1904
3218 5257
377 988
272 4059
1343 2237
1551 3053
3875 5177
813 1908
2679 3999
523 568
272 3921
1137 2903
3186 3186
5205 5205
2795 3748
377 4160
636 1278
1882 1882
1252 1779
957 2627
1335 1904
1704 4557
1897 2753
271 271
2384 2956
1131 4919
2665 2810
700 984
1179 3095
2437 2437
529 2468
155 409
1667 1667
800 903
2022 3827
190 636
378 758
2105 2111
890 1942
138 680
2758 2758
1137 2302
659 2907
138 591
81 1551
264 285
1635 1641
3122 3122
868 1904
680 1318
563 565
1614 3250
683 3535
518 2307
3863 4132
807 2632
2554 2554
0 1137
379 4086
743 2600
365 924
2365 5102
0 5317
2680 2680
271 2993
2783 2786
762 3214
2697 2748
1904 1909
912 1138
747 1633
1475 1475
145 960
5350 5350
572 3950
2022 4073
1960 3721
271 275
3880 4006
378 1998
2636 4056
783 4012
138 1268
271 1525
988 2077
271 2303
783 2721
589 589
572 1003
271 377
1553 2976
271 1211
903 1024
1219 1219
1101 3608
1928 1936
1404 1635
990 2043
365 2264
3389 3389
1259 1259
1900 4037
1110 3485
5053 5053
584 1170
3112 3513
271 5112
2709 4065
1872 4014
2254 5302
1048 2748
1908 2061
372 591
72 2492
3273 4573
2779 3832
365 1738
3008 3008
988 4020
365 1114
271 2234
749 762
271 5445
55 2988
1357 3387
312 313
5065 5171
365 1060
365 1656
1136 1137
143 5496
827 831
564 2248
1137 2398
3408 3408
77 1928
1871 2664
1166 1947
764 1137
1871 2687
120 121
135 1157
912 5541
41 5045
1110 1341
365 1243
2088 2915
143 271
526 543
761 764
0 1560
747 1492
834 2716
356 3379
864 864
599 1137
1137 3580
1343 2233
2876 3001
2612 3765
1011 4101
1137 2891
1477 3083
521 3754
271 4934
1587 1587
633 1137
2775 3974
2979 2979
358 1137
0 143
783 2320
2022 4052
2007 3891
2810 3565
365 2286
985 2651
271 2238
0 102
1090 1115
636 1839
271 2202
365 5027
1942 1988
1343 1461
1148 2085
365 1981
1909 3724
2819 3764
404 523
2758 2795
271 785
700 2041
1893 1960
5375 5572
564 5350
1137 2237
385 1987
257 2988
1906 2771
5265 5265
271 5187
835 1583
572 622
365 712
980 3795
1782 4984
288 611
271 5142
747 3231
1235 3250
1352 3007
271 825
912 2125
1942 2689
356 1733
636 1277
236 1137
912 2114
1035 1909
1050 1050
2891 4989
896 3706
271 5383
257 912
302 2468
271 2386
2117 2117
2085 2341
365 2826
1137 3409
1942 3792
1067 2250
988 1942
271 2906
365 576
273 1530
271 1266
1343 3509
2145 2589
868 1738
747 2474
407 1058
747 1618
1609 3304
564 1024
1237 2412
1371 3253
1251 1357
2631 2713
0 1237
358 365
2254 2414
1100 2414
3832 4058
1320 1904
76 637
1352 1597
3041 5188
93 1137
3876 3913
2668 3818
749 764
1137 1635
1061 1137
1431 5002
358 5559
747 1944
857 4555
1424 1424
1035 1883
1406 2144
138 138
270 564
271 2493
1782 3549
93 5435
1059 2085
0 257
1782 3673
32 143
271 2302
1692 1694
271 1467
783 3708
401 523
2254 3498
3201 3277
271 1528
1137 2284
379 379
93 382
2460 2460
1787 1787
3187 3258
40 1137
2786 3786
365 1219
399 674
868 912
81 1137
896 1352
3559 3559
2254 2824
1137 3734
244 365
700 2738
564 591
358 400
2894 4922
271 5007
2771 2771
1745 5268
138 272
365 868
121 365
747 775
834 4008
844 1591
1896 3897
2548 3034
1591 3196
271 1112
2088 2298
1574 1574
1585 1698
138 700
271 2233
888 2616
271 2459
2769 3711
93 3727
365 1055
356 3199
2033 3721
313 2382
2960 2960
2809 2809
988 2816
1183 1268
120 120
1259 1779
2384 3675
392 551
344 995
138 1081
302 2635
1032 1032
1252 5002
2114 3108
60 60
1013 3798
0 1112
1137 1474
743 827
145 747
365 2151
271 3118
72 3630
1137 1692
680 2836
365 2589
1891 2678
654 654
551 2633
2727 3948
2160 2506
1900 1951
365 1136
4020 4020
1008 1942
783 5142
985 2652
271 2237
564 1550
846 918
1108 2013
1147 2089
365 680
3513 5156
1008 4112
365 2903
1137 3411
551 735
988 1921
138 565
1108 2343
673 909
2476 4951
2478 2863
2220 5134
730 950
2031 2687
2157 5507
801 3705
1472 2237
988 1437
143 3727
1388 4040
138 564
864 3764
4555 4555
1382 1729
1137 1257
2676 4092
834 1942
1335 3647
365 3060
271 3156
583 2238
272 1894
3273 3325
77 2634
1883 1942
764 764
749 1653
365 2085
378 3866
1015 2658
1137 2861
0 2457
1756 2254
572 3720
1942 2692
636 1276
1010 1888
1137 2216
402 1075
356 1672
2468 2771
1553 2397
1035 1908
93 143
1008 2635
912 3727
0 27
971 3832
795 1072
564 2254
595 907
2706 3316
1081 1904
365 5002
365 747
834 988
1137 2089
564 1944
400 856
1024 1942
1137 2494
376 2684
1043 2022
1137 2232
1745 2087
2789 2789
1406 3844
641 982
138 912
1137 2717
93 236
1137 5083
1147 1147
697 1137
257 523
923 2025
1161 2938
143 2237
523 564
1137 4013
26 912
523 1352
271 2037
272 3793
271 4962
591 618
365 2518
912 1137
1268 2254
1537 2536
2125 5275
271 3722
0 3665
0 85
564 1541
271 3396
365 1051
885 4045
1320 2160
271 2301
1370 1691
912 1262
271 2833
3714 4040
0 3179
764 1621
1745 3526
143 912
271 2729
3763 3876
1137 3567
1137 5228
1137 2774
2346 2891
272 4095
957 3962
93 2468
409 1070
700 3745
2063 2063
1243 5491
1467 1467
365 3025
271 3207
1268 3690
1137 1343
890 1049
1137 1695
271 905
3724 3724
747 774
1959 1983
1901 4157
271 4000
99 1316
681 1698
3708 3708
271 3608
689 5142
93 523
700 1021
138 572
2085 2559
1942 2067
366 3978
2286 2286
988 1894
912 1352
0 1777
3822 3822
1268 1343
1137 3627
1708 3360
143 2516
1137 1148
568 1137
271 2854
271 3452
700 858
399 544
730 940
912 1192
2752 2891
819 5065
1137 1445
365 4925
23 81
845 1137
3720 3814
3006 3557
1421 3149
1900 4063
1356 3597
325 2516
2709 2812
683 1137
1811 1942
750 910
2063 2663
288 744
1320 5252
523 1335
2836 2940
507 2050
143 3004
697 697
365 2370
2114 4008
1140 3041
2437 2474
2774 3942
0 4954
636 1837
1370 1608
1130 2302
3673 3673
1137 3416
642 2302
551 734
1930 1941
1942 3754
0 3408
575 2762
1108 2342
271 2974
1491 1698
365 5238
2545 2545
154 2516
1137 2524
1137 1425
912 2614
1352 3521
365 1260
1406 3750
273 3274
0 2991
93 2437
1335 3646
348 1008
272 668
271 576
272 2818
412 1984
271 3155
1683 1685
1137 1358
365 3580
797 4085
0 2456
1356 1745
365 3492
783 5209
271 833
3989 3989
2145 3186
115 115
93 146
783 2963
1782 3576
0 26
366 3874
976 1357
912 2343
785 2024
2343 3278
93 1193
783 2698
2056 2056
1137 3680
572 1011
1085 2749
1998 3718
993 1048
910 2085
2784 3792
3792 4075
1137 2088
1274 1274
2712 3985
1008 1048
952 1108
271 1739
363 582
1353 5008
2769 2769
785 912
2738 3832
93 2254
572 2053
54 365
402 3073
2704 3736
622 3768
272 1925
575 1904
403 2384
236 279
572 2114
1423 5002
1555 1602
2478 5433
3772 3772
277 1320
564 1268
820 2965
272 975
857 4556
1035 1881
365 1113
783 2150
1923 4051
1016 2788
2545 4965
2078 2903
271 2300
2058 2058
365 5001
608 1562
1137 3653
1874 1874
888 3868
138 628
987 1902
1553 3168
120 2125
271 3463
1137 1462
1137 2085
271 1155
572 2692
1348 2419
2088 5296
2632 2713
495 1126
651 3981
2510 2849
1137 1480
365 2125
271 3113
1872 2614
365 2112
797 4036
223 4101
306 2561
272 3710
2384 2389
1138 1343
1013 2820
271 1110
0 5133
271 3607
848 2145
1406 2979
138 698
912 2316
651 1020
2022 3896
2118 2118
271 2085
271 1370
1591 1599
365 546
1406 2573
143 241
271 1320
59 912
952 952
2474 2836
1901 4034
947 1108
1137 2260
919 2478
271 680
1137 1393
0 3010
0 1211
1888 2618
260 1690
951 951
1352 3778
990 4152
3947 4048
376 3820
1343 3004
272 3871
1137 2896
2891 3517
636 658
487 636
271 1487
1010 1966
272 2647
1012 3790
365 2472
49 743
1137 3004
1061 1108
2822 3716
0 2283
910 910
676 1357
271 5495
1008 2739
138 2988
271 2563
912 1378
138 1352
271 976
272 349
1067 2227
1160 2436
271 5338
1971 1971
1160 2118
271 1553
1048 3743
272 272
271 2345
1587 2145
291 1984
2109 3063
523 1541
271 2973
271 1335
2392 2413
1211 1211
271 1383
365 1271
271 783
1438 1438
1022 3857
1137 2240
957 3805
1893 2623
783 1882
1137 2648
271 3154
764 1641
564 850
747 1397
271 5166
378 2722
132 145
1030 3781
3324 3324
115 2928
271 794
636 1282
2650 3886
2100 2474
356 1670
833 1543
349 1035
998 3788
696 999
888 2003
379 1989
1035 1892
365 1093
271 2256
0 25
1602 3327
1343 1764
271 933
365 593
241 5506
365 586
120 1137
2979 3609
225 2988
358 1185
747 1621
1108 1591
1406 1961
1764 3565
0 3152
1027 1027
1108 2082
365 3096
1208 2474
1006 2726
365 3004
271 5083
272 2699
271 3085
1351 1792
2384 5057
523 1358
2891 5323
521 523
143 1268
357 358
523 2614
365 1382
797 3984
271 3688
1011 3779
272 976
696 1016
345 2672
271 2535
672 2392
0 2121
1764 2891
895 2742
2125 4899
271 5301
1090 1090
1137 2432
0 1967
1745 3610
591 783
507 808
1122 5261
138 2286
358 1740
271 1209
912 1883
3576 3576
1043 2009
2811 3966
1348 2420
0 1528
1137 3832
1137 5461
575 1984
985 3759
912 2224
271 5109
81 635
81 5205
3185 3290
241 271
2098 3546
365 2111
694 694
0 1093
138 271
564 1460
365 1396
238 827
700 4128
1137 1797
2809 4040
680 2585
271 1109
673 1212
783 1469
3794 3980
148 1551
2085 3404
0 5025
1524 3774
834 909
1160 2533
365 1688
1226 1226
3933 3933
271 3422
365 1056
991 2737
1602 3183
3802 4012
400 523
271 2413
566 2891
1014 2073
77 1932
30 2085
271 1319
1356 2615
143 2474
1137 1223
1444 2352
2474 4895
785 5263
572 1914
376 1357
769 3224
2123 5260
1060 1060
271 5029
271 917
2063 3749
747 2125
272 3732
272 507
1074 2085
271 824
143 1352
1137 2531
583 3470
1908 2033
513 523
608 677
1357 1421
3470 3470
271 5337
591 1345
1984 2468
564 2960
271 1444
271 1334
365 3306
775 775
3287 3287
365 1270
145 523
1352 1904
1656 1659
1137 1260
1900 3997
1893 2624
1335 3648
271 5185
1137 5113
2297 3177
783 2089
272 2816
272 2675
1357 2647
1683 2468
365 5291
2384 5024
331 347
1137 4040
760 1659
844 844
597 2384
2709 3792
138 747
783 3389
1635 3210
365 2512
636 1281
379 2799
1352 2667
2429 3460
2384 2904
3812 4040
942 1137
77 1085
1008 2052
271 5193
1764 1904
985 1023
238 365
271 2485
783 4969
783 2868
912 2341
1942 2007
271 1568
356 3246
86 936
783 2700
1782 5275
1268 2450
2618 4056
271 1462
747 1024
988 2654
138 1553
1137 2579
3083 5120
358 1184
1406 3696
3857 4066
747 1620
1646 1659
3316 3316
1462 2125
1904 3720
523 1137
271 2670
2632 2632
365 5185
1882 3907
3266 3266
58 2437
564 4927
365 3001
1547 5113
1057 1177
807 2615
0 1139
93 2610
764 777
2510 3030
1357 2965
957 4152
385 622
271 855
747 785
1137 3386
747 1325
271 4960
365 2446
2165 2165
240 2988
405 523
68 81
611 679
4001 4001
912 988
0 2
1539 1539
968 1933
1137 3385
2777 2777
409 523
923 1028
1356 2445
143 1383
46 7641
890 2722
747 772
138 627
764 1618
572 575
271 1154
271 667
1137 2468
271 1797
0 3122
1320 1340
1600 1600
641 4061
564 3476
363 3301
2757 3832
271 1741
651 2660
2650 2650
314 5003
1137 5460
110 143
365 3644
1883 1883
365 1466
564 1777
365 2114
1252 1338
747 763
983 4130
19 143
2810 3772
1591 3192
1108 1325
271 1108
271 3605
1235 1616
224 2659
2639 2678
988 2005
365 2876
48 1330
271 2412
1009 2023
1421 2537
48 263
81 357
143 953
271 2325
2638 4159
572 980
77 1931
0 1745
1591 1597
1319 1319
2819 2819
2218 5572
687 3648
1536 2173
1914 1914
325 2285
509 509
2017 3981
3832 4026
1562 2036
2891 5540
257 564
564 598
700 3971
365 2468
93 3104
783 2293
29 2988
756 910
365 2371
568 912
747 3130
356 4537
271 1067
271 2460
138 1358
3177 3177
888 2645
783 1343
636 1842
241 241
271 3425
2085 2437
988 2028
2646 3792
0 1881
1942 3772
827 827
223 1137
564 793
572 967
271 2087
988 2756
147 610
271 1443
2268 2268
0 1359
93 365
1268 2588
1236 2085
590 1192
271 2784
138 1051
1406 3013
3437 3437
30 81
2423 2423
609 808
271 1561
2068 2668
1586 1595
1745 5487
1218 3014
784 1523
365 3684
743 2468
1406 1757
747 2224
1137 1665
271 2031
1137 3137
572 777
988 1008
636 1280
755 771
138 224
1343 1343
271 3837
2745 4032
74 116
2145 3187
302 7641
271 1138
608 2812
988 3983
93 145
365 1100
1013 2675
1312 3593
1421 2468
2793 3972
271 2254
747 1226
271 5265
1421 5037
2828 5320
2147 2891
2302 3665
577 2828
271 1501
572 1024
271 2115
271 1264
271 1461
1137 5039
272 700
808 884
138 1137
1984 3810
783 5202
1037 2022
1137 2497
2631 2632
365 1213
272 1352
923 2649
783 2602
998 2765
238 2957
271 1738
365 1320
1031 2665
1874 2774
1343 2088
348 813
1078 2238
564 5257
1895 4181
54 2336
1312 1312
271 4979
1157 1172
1137 2845
236 281
636 1308
912 1135
1137 1769
868 1264
1106 1106
271 3582
912 2478
1130 2846
1686 2114
1524 3805
2868 2868
271 5411
224 988
1177 1591
2891 3006
1237 2891
2474 2548
377 3850
271 2320
236 523
1782 5370
928 1137
5 302
572 997
754 910
1208 1208
271 1207
912 1881
1137 1463
1533 2085
1928 1930
708 1004
80 271
365 1216
271 1193
365 3137
550 551
659 1137
625 1893
1872 3855
314 3437
2004 2623
2711 4040
271 3110
389 551
46 1223
248 636
1011 2719
271 856
747 762
1424 2392
1165 1165
1137 3083
912 2079
235 565
0 5112
1009 1015
358 358
958 2014
1008 2821
271 2558
1524 3743
890 4072
2059 2614
339 341
1689 1692
564 1153
525 2451
749 768
365 2970
832 3947
1335 2894
3273 3273
1136 1136
145 365
596 2545
1904 2343
26 271
271 2324
1137 2333
409 537
2468 3947
0 3158
1137 2530
271 2752
241 936
1137 2263
271 5116
762 1732
2872 3451
3427 3427
1137 1553
257 603
302 1942
783 3621
2125 2483
924 2478
3872 5177
1571 3269
385 599
271 5027
349 625
331 349
1356 1877
0 2432
1041 1357
2468 2751
365 2119
1019 1019
2078 2078
912 1051
992 4130
365 1133
1724 3207
1035 2821
71 271
365 910
565 963
271 2251
365 1721
564 1544
365 2915
636 1841
2063 2468
608 1352
651 961
564 1397
238 319
827 828
352 1792
564 1433
3074 3526
729 1984
2005 3756
1137 1893
2114 2756
576 1768
263 263
1909 3719
1710 3242
680 3018
140 271
783 5333
1394 2137
1998 1998
358 783
69 1316
1137 1201
564 3523
1137 2748
138 629
2891 5317
81 120
1900 4090
523 680
2668 3710
636 636
378 3883
3242 3242
1704 3235
135 3667
725 778
3878 4023
1012 3791
272 3800
2125 2254
1886 1959
636 1279
62 745
917 2168
1010 1889
2679 3751
260 260
1745 2748
1553 2374
785 2875
271 3466
365 1099
2988 3692
1528 5543
2005 2005
365 1090
925 1764
868 2827
2137 5077
87 2085
1137 1959
1618 1618
2618 3941
248 562
365 587
271 2114
1357 2471
783 5372
143 1024
608 794
2125 2861
81 2306
2670 2670
1902 1902
116 712
2632 2634
975 3726
1136 1612
625 1977
3832 4045
271 1580
3888 3947
271 3083
365 915
366 1137
2786 3965
1972 2019
1006 2012
1067 2943
1356 3863
2696 2696
1235 1675
405 1084
272 979
0 849
0 2324
773 3210
228 2330
4101 4101
2169 2169
0 80
271 3391
3983 3983
356 3204
272 331
271 2407
271 1532
787 1090
2150 3673
1008 1008
1490 3313
568 568
365 5020
764 1619
1100 1100
143 2085
227 887
1137 2266
1971 2636
1906 3717
1356 3074
1092 2156
1431 1779
1589 1727
138 1008
1137 1568
365 5480
0 3060
764 3339
2254 2836
2392 2452
2239 2978
1137 3736
372 3708
1010 1019
365 590
2125 2181
1268 3684
272 625
138 833
381 1406
0 5291
1235 3304
143 564
396 523
271 4111
783 5252
1108 1904
0 917
1335 3003
2232 2232
2750 4083
60 2988
1745 1745
271 5556
1689 1689
1035 1960
271 2455
271 3513
700 1022
985 992
313 2600
378 4164
1906 3833
1356 2216
0 70
2478 5053
747 1138
377 3860
2700 3975
271 2323
93 1226
2161 3127
271 2083
680 1236
912 2836
747 767
2709 2772
572 2618
1177 3323
1137 2529
564 5364
762 1645
1343 1547
1137 2449
258 1158
365 5604
365 2219
1674 1727
2392 2557
1777 3982
2678 2811
2794 2794
5333 5548
2709 2810
1352 3780
2036 2036
1672 2145
260 1600
749 910
271 3137
143 1320
1745 5304
138 257
2165 4960
1891 2668
1010 1957
490 636
0 904
3822 3977
365 795
2005 2696
401 5089
365 2365
2618 2682
0 3631
1079 5571
675 2286
1357 2496
263 912
2282 2282
365 5180
564 1434
1137 2382
903 903
1137 3600
572 2808
747 5122
957 3852
365 1268
636 3898
584 1361
1733 1733
365 1257
93 1544
138 978
1792 1792
3618 3618
783 3068
271 1768
1108 2614
5123 5123
572 1881
2392 3565
564 4954
2205 2988
271 1757
834 4087
302 988
143 1335
636 1286
512 523
5013 5094
1904 1988
356 1667
1745 1762
3034 3435
564 1335
1421 7653
271 1137
2618 2706
1044 3892
365 5439
138 143
143 2836
1571 1591
365 2307
271 2274
1035 2709
143 1065
1942 2024
337 611
376 1010
365 591
365 584
2022 2625
3306 3306
62 1137
365 2872
1893 1900
263 2449
1782 2139
1139 1139
1872 1942
2631 2634
980 2795
271 1791
365 2257
2632 2635
3752 3752
365 1155
2453 5094
58 5205
712 1137
764 767
81 2468
622 3861
1881 2019
272 2703
1624 1624
3377 3377
568 778
769 1652
365 3600
651 671
747 783
365 2545
1356 2064
1574 1591
271 5526
271 2607
584 2141
564 2298
2905 2905
271 1096
1430 1430
143 1492
783 1167
2630 3792
1268 1274
680 1904
2611 2709
813 1137
0 564
767 1625
1137 2555
523 2474
1544 2333
1137 2471
998 2619
263 1330
797 2626
909 912
93 5239
2100 2100
589 2216
1878 1896
3273 3289
3963 3963
1108 1883
1029 1906
572 1352
2876 2876
958 2749
325 325
3921 3921
138 304
378 3802
572 3772
1137 3081
356 1669
1335 3002
1137 3008
1406 2892
1382 2145
683 1767
138 697
1024 3926
783 4070
2700 2700
912 1777
1091 2891
977 4131
1688 3374
680 907
272 865
1702 4557
1008 4168
1163 1346
263 842
1904 2341
0 1904
1524 1764
1499 2426
271 2322
3613 3614
564 5597
271 2161
3811 3811
958 3822
604 1172
764 1642
1352 4046
1177 3324
1137 1237
271 1410
2662 2706
1530 1530
77 77
271 1811
401 856
2468 3849
1014 2699
365 727
2751 2793
143 610
378 2005
356 857
272 3880
700 2819
365 3576
1137 2873
116 1268
272 3776
2668 2701
356 1589
272 1035
68 1816
2468 2655
344 4038
912 952
1082 1082
1335 3025
647 739
2200 3002
1467 1808
81 110
1779 1779
1903 1904
1008 1947
0 4950
730 2085
2665 2665
114 808
564 2474
827 830
271 1346
224 572
2012 3720
1082 3278
833 835
747 1268
365 1267
399 511
3187 3296
271 1243
344 1008
1710 1710
365 1259
1702 1707
370 1137
143 1944
1137 1382
1137 5197
1325 1343
551 649
403 523
271 523
783 3069
365 1553
365 2854
551 552
1137 2947
2129 3129
1137 5344
331 344
3871 3949
1624 1698
591 1038
2074 2780
891 2743
636 1285
365 1782
912 1081
399 5089
1406 1424
579 3689
1366 1782
271 5025
1421 3668
383 1172
700 1071
2026 2616
0 759
518 523
3792 3811
1268 5142
271 2927
1875 1904
375 1798
2088 2127
271 1460
93 1469
572 1437
1137 2090
379 923
365 1211
1137 1242
954 987
143 523
6 72
754 1098
1130 3463
1745 5518
3707 4157
365 3613
1908 4038
1137 2927
2637 3904
1100 1268
803 2618
272 3796
1329 1329
729 1034
2468 2706
1327 5020
272 977
1368 1368
2377 3565
5344 5344
365 2339
272 385
1137 3227
365 2963
766 3209
351 611
143 379
1421 5013
1906 3759
507 874
1366 1366
1137 2012
3264 3264
15 1050
271 2317
271 1481
2084 3593
1008 1010
1199 2425
2736 2795
2107 5073
1114 1114
1051 3695
764 1627
783 5285
1700 2468
1635 1655
1137 2264
2894 5033
784 1172
271 1822
1104 1105
1357 5000
998 2618
1137 1409
654 3986
1695 2468
271 1191
72 148
2085 2268
591 896
1745 5058
758 1642
1690 3375
834 2674
0 1469
572 630
1343 2114
3988 3988
813 1356
3273 3286
314 2436
2468 3275
272 2613
401 3481
1137 2826
1382 1382
1019 4024
912 2078
2872 2879
1908 2039
1192 1568
0 798
2091 2091
1024 3797
0 37
271 5438
1192 1407
312 3001
1106 1172
747 1137
712 4927
271 2321
77 1935
1137 2336
1591 1593
410 1162
957 1981
93 783
259 611
1921 3946
93 2929
365 1024
988 2709
572 2620
622 3973
1659 1659
1871 1904
1524 2705
1268 1541
143 1872
871 872
1211 1869
1536 2559
584 3764
365 1529
0 1122
1137 1325
1137 2872
1136 3303
271 1999
365 1422
2173 2365
747 1335
231 365
143 1370
1137 3059
2636 3726
271 4023
2063 3938
834 3724
2636 3819
522 523
1356 2180
1913 1919
2069 2708
0 4984
783 2321
143 595
0 3533
1648 1650
1137 2332
912 2334
1137 2052
271 2276
979 1904
890 3752
887 1984
93 680
1051 2132
564 5502
764 1664
564 2286
