7716 8932
1693 1793
564 5621
1137 5044
271 5840
2512 5095
888 3920
747 1664
365 2568
783 5336
1136 1364
1904 4119
5731 5731
1745 5199
314 5211
1353 3675
62 3445
1799 3001
365 2238
833 834
273 3273
1438 1486
223 223
143 145
551 648
2816 2816
840 2260
271 4960
909 909
857 3377
1137 1165
279 498
365 2995
0 5865
272 1871
271 5075
1909 1909
365 5283
62 2290
564 4956
271 5162
1137 5749
572 3924
747 3223
271 3153
4323 4323
3795 3824
271 5051
583 5491
2165 2165
1421 2262
1352 2777
747 1320
2100 4108
912 1130
1201 2834
3828 5741
2468 2629
2085 5831
1876 1966
271 5641
365 2401
365 3374
1904 2818
271 3576
1137 1738
1942 2772
3436 3436
2512 2925
378 1986
138 2800
271 5404
1137 5717
808 2468
1469 1553
271 2480
572 4305
2436 2468
72 1551
1965 2070
5193 5193
279 432
271 2381
1137 3473
783 1405
1031 2046
279 440
808 1008
1782 3436
917 1137
314 3174
1137 2350
365 585
271 1498
572 1033
93 743
3427 5060
271 5959
988 2784
271 2827
2468 3545
271 1459
906 2125
1942 3908
1137 5042
1640 1651
1388 1388
764 1688
1600 1696
308 2516
4086 4086
584 6003
1137 1410
1421 2925
1320 1323
314 2118
783 3014
1782 3043
1137 5172
1325 1325
381 3517
1871 1871
833 2109
842 1397
912 2468
572 2075
70 747
1352 1352
2125 3693
6003 6003
2891 5475
0 1560
4548 4548
271 5103
1040 3895
2606 2606
2392 5853
1137 2926
271 3104
680 2891
4070 5499
2088 2534
1871 4385
988 4191
641 1985
271 2986
783 2232
747 3350
1137 3113
271 3057
2742 4020
2474 3034
2878 2878
1783 2478
890 4168
2392 5486
1010 1980
44 143
3273 4561
2618 2618
0 2123
271 3487
2012 2624
749 776
864 864
271 5201
83 2988
2114 2326
0 4
1370 1594
271 2405
913 1647
1979 1979
271 6016
1137 5922
912 1268
1008 1011
3453 3453
1137 3636
93 769
1547 2125
1887 2636
1100 3551
1057 1057
271 5872
3576 5384
1137 2558
1274 2891
1137 4942
2016 2016
2510 5348
0 1268
1137 2470
0 3135
1137 1227
1390 2563
1006 3792
3074 3074
2114 5691
145 2891
271 1749
263 5020
2844 5391
988 4230
271 3309
572 624
2125 2946
400 5374
783 5857
764 772
755 910
1403 3671
3271 3273
856 2891
365 3639
2033 3753
700 3881
365 920
365 2584
0 1095
1081 1137
3207 3207
1380 1792
1011 2715
1137 5604
747 766
356 2871
2891 5196
1264 1490
70 271
72 1137
680 5023
2087 5339
1316 3126
1352 2722
3298 3298
365 1788
1137 5842
783 2100
216 279
2917 2917
238 2120
273 1386
749 749
70 344
271 2348
365 1067
1695 4658
915 1137
1702 3372
365 2871
238 327
81 2152
801 4153
988 1901
2317 2506
77 1939
1392 1591
2516 5437
1688 4591
143 238
988 2613
1144 2872
1695 1695
1137 2127
1137 4994
1587 1587
801 1871
2714 2717
271 1782
1659 3215
1443 2085
2437 3011
3978 3978
564 3727
3290 4564
365 2220
1001 1984
2125 3653
912 2254
1893 2793
1130 3072
575 2038
3096 3096
1137 5351
769 3226
3926 4392
1137 2871
1136 3299
394 1137
5392 5420
1006 4273
365 5963
764 1502
3330 3383
365 2478
110 1782
912 2100
143 2988
7 1792
2125 5520
1064 1137
1872 4330
365 411
2392 5040
3236 5531
396 1229
564 5974
1421 3687
888 2781
271 1064
2172 2468
1130 2891
271 2456
1980 3921
68 143
1130 5842
271 2248
1035 2717
865 3823
143 2341
1044 2377
1016 2726
2774 4054
1010 4102
1610 1704
398 523
365 1600
2429 2429
3223 3223
2760 2760
551 740
912 1325
523 1492
1357 2080
5550 7641
1136 1248
143 2254
2085 4982
2125 2903
783 2320
1137 5043
107 138
36 257
747 1657
271 1242
1421 5414
1137 2510
1137 2244
1036 2668
143 5224
2891 5698
3182 4569
1182 2382
365 5525
551 647
988 2891
2623 3743
272 2015
81 115
273 1370
1688 1717
382 572
2880 3152
783 3693
672 672
1212 5052
271 1635
271 5161
1011 4136
272 608
143 785
783 2603
747 3222
2015 2614
529 1356
891 4233
868 2144
356 1736
1740 1740
0 2405
0 102
271 5640
1048 4431
1343 6043
365 5424
356 4602
2997 4956
314 5316
2694 4057
1137 5812
2392 5026
1499 3498
783 2942
1137 4348
1406 3427
1274 3573
1884 2706
761 1117
271 2479
629 3926
2343 3702
833 5271
2891 3139
1110 2441
279 431
913 1622
93 5510
2107 5262
1137 5949
1942 2013
366 4031
2123 2123
958 4221
4952 4952
356 3255
792 4549
777 2392
71 81
93 2891
2309 2356
752 910
365 4995
2700 4139
3240 4580
2651 2807
1048 4007
747 1641
747 913
1137 2478
1815 1815
510 2891
365 1207
365 2254
683 5361
2350 2350
1008 1031
365 1156
1343 1461
988 4208
833 2108
572 2074
579 1137
58 271
2903 5725
81 350
272 3970
1268 3659
1137 2931
271 3103
1137 1709
1580 2468
747 3210
2104 3665
365 912
783 2479
0 2254
2468 3084
983 992
2700 2891
2968 2968
5318 5324
356 3256
2150 4981
1562 1942
271 5673
0 5119
138 2055
1900 1900
3001 3001
1591 3319
1024 3904
2125 4991
2618 2619
1357 3475
1137 3661
1727 3296
365 1111
271 5407
271 1094
271 2511
272 808
1991 2468
507 873
783 5642
1160 2162
271 1480
896 4135
1750 5202
5756 5756
271 5895
2384 3146
912 1265
523 2125
271 1422
1087 1662
1352 1979
93 1339
1352 4040
3187 3189
1268 1442
1437 1437
1240 3593
271 5755
271 1151
1587 1597
0 6060
1080 1137
263 1329
2114 3187
3753 3753
5339 5726
271 2724
523 2286
2819 3849
2506 3537
0 5637
1421 5615
957 3967
1137 2692
833 2112
3187 4638
271 5235
651 782
1998 4270
1480 5709
1137 2901
271 3107
700 3878
3187 4566
271 5021
314 2330
590 1485
572 3736
271 3010
783 3488
636 2576
2780 3731
2392 5646
857 3273
529 529
1803 1803
271 5578
1137 5511
1137 3011
2621 3738
2392 5523
712 712
271 2556
356 4542
2085 5711
1314 1406
1370 3238
2474 5459
356 4642
365 1077
2903 3059
749 750
365 2966
81 5496
1202 2478
1137 2237
279 280
827 2476
238 326
143 1547
365 5175
271 6047
2137 5052
1130 1522
356 3287
143 1397
671 782
753 3210
2471 2471
365 5051
783 1771
93 788
2468 3943
5703 5703
133 2516
365 1343
1177 1392
3706 3871
120 4952
1137 1450
1237 1237
2044 5499
1904 3760
365 5629
1137 1209
4111 4126
267 523
912 3218
1352 3297
2125 6056
2007 2694
146 146
365 5372
783 5722
2043 3736
138 812
271 1607
1650 3218
2891 3593
801 4057
1137 5706
365 3570
1348 2304
365 1079
365 2599
34 81
271 3032
919 919
2007 3945
272 1038
572 1998
271 3653
365 2467
2665 2891
1252 4947
4118 4118
271 5489
783 2323
641 2748
271 1063
365 2279
1939 1940
1137 5091
912 2429
2055 4336
271 2247
143 1051
1406 2429
5950 5950
271 5357
228 2441
93 642
138 1319
1035 4060
76 2988
2997 5560
551 739
1745 2880
2891 4657
271 2340
5094 5220
271 5953
1421 5183
680 747
145 2593
564 1137
1137 5050
1782 4984
747 3727
1608 1608
783 5330
5380 5704
1320 5252
1044 2734
271 1783
0 3086
1702 1702
3162 3162
1893 3736
3182 4568
143 2433
1137 1190
551 646
28 2121
138 868
271 1766
272 2012
5934 5934
3392 3392
257 591
2392 3696
622 3782
54 1081
2751 4237
365 2178
1632 1698
1067 2311
1110 3683
3273 4555
378 2613
2891 5422
4040 4146
314 5535
1137 5673
64 576
572 3795
2392 3094
747 2100
407 709
1670 1728
271 3680
1527 1527
2251 2392
1011 3742
2377 2474
1530 3208
912 1077
2063 3973
0 138
271 1135
797 1997
584 5067
2468 2468
138 145
859 3683
1137 5723
1890 2618
1942 1944
271 2478
0 2125
271 2271
3273 3380
271 5289
3066 3066
523 542
1099 1703
1252 3593
271 6010
1063 1137
1212 4953
271 2293
1137 1961
3922 3948
998 4179
912 1329
1137 2353
2407 3141
638 2537
93 4902
743 5710
564 3581
912 4924
104 1667
257 2197
1343 5173
572 2780
1137 2560
1591 1687
2699 2699
5094 5287
747 1640
1528 1528
747 912
271 2810
976 1137
681 2145
1674 3187
402 523
1008 1032
1406 3088
2510 3165
1764 6067
0 4305
783 5947
833 2107
2088 5006
271 5205
382 3845
1370 1681
584 5756
21 783
271 5101
2709 3959
1099 2891
0 1135
271 3102
761 3333
2125 5840
912 1541
747 3209
285 1137
271 4900
2516 5443
272 2479
271 3621
5 1137
2632 3943
1137 5871
365 1311
271 2528
1343 2891
1959 1959
1013 2741
783 5018
1927 1927
365 2334
344 1892
0 2114
2396 4998
271 1093
2126 2126
271 2510
271 3388
0 3597
1130 2151
2013 3792
2354 2354
271 2404
365 5242
4312 4399
356 3308
365 3165
783 5573
0 596
271 1366
2088 2088
1137 2341
1402 5020
1971 1971
1522 2478
119 912
271 1421
2135 2137
271 2138
3409 3409
610 2299
2031 2617
1227 1227
1137 2286
4170 4170
1745 3506
3187 3190
3948 4160
881 882
5023 5023
271 1406
273 1223
3372 3372
143 2407
3329 3329
990 4116
0 2828
271 1807
365 1229
263 1328
783 5931
1137 1230
1239 1551
93 2397
116 3144
2085 6035
833 2111
2738 3909
1137 5464
572 2044
62 5244
365 3020
2787 3765
227 1984
783 3548
5939 5939
4111 4261
2392 3534
2405 2975
271 3106
271 1994
2104 3330
516 521
271 1883
747 764
3961 3985
2114 5139
859 3170
10 584
2731 2750
2468 2679
2637 4055
377 4287
564 5992
801 2966
2891 3218
1008 2717
1370 4565
1035 4265
271 2224
749 751
1959 3847
833 5347
1993 2706
143 1088
271 2347
271 3416
365 1069
279 279
2786 3832
138 1335
2117 2117
2709 4014
365 564
4305 4337
2341 5634
271 2159
1137 1138
1670 3240
1137 2606
271 2870
4289 4370
1406 3638
1137 2125
1137 4999
747 988
271 5694
143 868
2632 4319
912 1909
1137 1449
365 5644
143 2343
783 890
365 5631
31 145
272 4159
1527 2382
564 5134
5970 5970
1137 1168
271 568
272 2773
912 2274
2392 2476
1652 1652
1006 1137
93 285
271 5130
314 1748
5949 5949
2891 5454
2318 5736
271 5022
2650 4000
0 2478
1745 2913
1022 2022
271 3652
5751 5751
365 3592
2114 2235
988 4086
147 5815
272 895
564 1481
257 3692
271 3460
1008 2706
3911 5499
1739 5939
271 2475
2080 2080
1959 3813
271 2376
34 271
890 3855
1137 5648
279 457
138 1320
1101 1101
271 6072
2448 5078
1159 1159
4590 4605
2435 2435
5013 5822
365 942
2709 3752
1160 3456
407 523
5213 5216
591 1981
1137 2178
783 5442
1760 1760
911 1137
1356 2789
2772 4124
743 3169
599 599
564 1904
575 2694
271 1241
1602 1698
1137 2508
988 2620
2108 2108
747 5783
792 1163
783 3065
913 3216
311 314
1779 5140
2636 4275
139 145
1137 5409
608 2068
572 1873
365 2177
1961 3714
272 2683
2933 2933
365 5284
2382 3119
271 5159
3218 4565
1192 3143
3725 3725
1421 5809
671 1041
1942 2225
2891 3505
769 3337
385 3801
1406 2835
135 1137
1137 5575
2891 5239
1942 4194
3683 3683
564 747
523 689
271 3574
594 2125
365 5758
857 4567
47 2007
1524 3796
521 4088
1268 1904
1177 1575
271 5288
279 430
858 864
1137 3470
271 1528
1268 2341
376 2682
279 445
1137 3392
271 1564
2468 3522
564 5883
1041 4029
591 747
2137 3138
1320 3029
801 3716
3401 3401
271 1457
1253 3593
271 5867
365 4891
1268 3390
625 2767
1906 2774
1352 1946
365 728
93 5135
143 155
2017 3813
1137 2789
271 2692
0 2882
2512 3554
11 2988
1589 1589
1137 2700
833 2106
81 100
2392 5994
272 4064
680 934
1406 4978
2114 5191
2510 2920
0 2596
0 271
1011 3953
331 332
272 572
5695 5696
143 568
2125 5329
1044 1942
868 2163
271 4975
272 995
81 5375
5142 5206
2468 2717
1959 1983
363 1137
271 1104
402 817
1486 3074
797 3881
1871 4126
1051 1137
912 1811
138 707
398 5217
3935 5499
1071 2022
1998 4188
618 619
1105 1105
507 871
365 5238
385 1016
3273 3287
2392 5129
1201 2498
278 304
4353 4353
271 1478
1137 2340
1441 2468
486 636
271 2137
2891 3036
1137 2276
747 1777
764 1623
1389 1406
1883 3776
2234 2234
1893 2640
1137 4946
81 394
3849 3849
1137 2474
2384 5118
263 1327
783 5932
365 2832
5095 5095
2468 3926
1227 2241
2468 3186
1335 2395
1160 3077
1009 3615
2891 5555
2182 4896
4385 4385
747 1404
145 761
1137 1330
2618 4309
273 1574
1438 1745
1137 1616
4606 4606
1628 1635
1100 2969
1137 2378
271 3624
302 608
356 1708
523 785
2159 2903
93 912
365 2359
1793 4551
1764 1777
2022 4053
1880 1895
378 892
1108 2082
1008 1998
1035 1944
0 2095
271 3507
1986 1986
2891 4040
1343 5574
0 4944
1335 2891
2510 3569
271 3415
1591 1604
271 5325
2125 5186
1113 1137
238 325
2756 2756
1137 3423
1099 4645
271 2178
1635 4662
3709 3709
356 3285
2104 5124
912 1635
762 764
890 1893
1137 2338
271 2158
2891 4989
365 5063
1810 2891
3222 3348
1137 3537
2463 2891
726 1137
523 1081
523 1406
709 709
0 2968
271 1779
236 636
2292 4998
1971 2667
912 1201
272 4274
832 1948
891 3769
2125 2379
1137 1558
783 5791
745 746
365 3047
764 3217
272 2774
225 279
4148 4269
331 1977
2733 4293
272 1957
1022 2791
1137 5438
120 143
40 2337
365 2172
575 2039
2863 5554
833 3063
228 307
564 4927
783 5758
2093 2392
2991 4185
272 3885
1543 5637
1043 2468
785 5285
1137 5675
1243 5701
279 637
3521 3601
356 1137
2928 4970
1024 3615
365 1410
272 1042
242 327
680 1067
2703 2706
285 285
271 3651
783 3406
4119 4119
377 4281
143 1181
4007 4007
271 5487
1040 4262
358 3562
145 271
2253 2863
271 3459
912 2437
912 3435
1137 5746
271 2474
2085 2547
1406 3013
143 1050
3201 3330
572 4238
2085 5912
143 1138
279 456
3437 3437
365 5193
1010 4350
2007 2114
2903 5145
2125 3453
912 2665
271 1495
564 2125
2678 2678
912 1235
730 944
985 4204
1893 4350
1352 2033
1008 3707
783 5332
1602 3376
2286 2961
2510 5891
551 1981
1011 4106
271 1175
1320 4283
1782 2829
2891 5697
859 2891
5281 5327
3736 3939
1524 2677
636 818
0 1558
783 3066
572 611
909 5052
365 5514
1113 2891
2223 5015
1024 4261
1137 5408
608 2067
2689 2891
4968 5868
271 3074
358 6012
1137 5325
2679 3984
143 783
271 2469
1903 2793
3728 4004
0 1547
1130 5184
271 5048
0 988
4930 5048
3823 3823
356 1735
857 3325
414 2891
795 2891
271 3678
1506 3170
1178 1274
365 5871
2494 3418
365 1775
1871 3807
2429 4959
857 4568
238 1137
2891 3155
2341 2891
1265 2125
138 1893
2476 2902
1980 3766
700 973
378 1990
1137 5721
46 46
93 564
1797 3490
271 1004
279 421
629 3824
2085 3333
1008 4162
1356 2263
3506 4945
3404 3404
2927 3595
279 444
271 2291
1137 3391
3769 3769
2772 2810
912 1343
1240 1240
1137 3665
912 2891
62 365
1745 5153
1622 3225
608 1044
572 2795
523 1397
783 3162
365 765
572 2717
365 3216
584 3088
365 1208
2468 3792
1137 5176
2468 3836
833 2105
636 661
1803 2392
564 5182
81 99
0 1147
1687 1687
271 785
1352 1356
2700 4150
1776 2288
271 1574
272 1901
1692 1694
1137 5405
4123 4123
783 5764
0 365
1137 2929
962 972
1137 5323
1529 5533
680 5639
2596 2997
4029 4029
365 6036
1011 2680
0 232
747 758
2391 2392
1137 3116
271 3619
1048 2697
2392 5580
271 5903
0 912
2468 2716
2891 5218
1406 2234
678 1764
279 2011
769 1659
1745 5805
3210 3340
1591 3317
1211 1456
0 5063
271 2604
2963 2963
358 5278
365 1108
358 4967
1082 1082
581 948
158 279
1190 1190
19 5816
1343 4142
618 620
808 986
1370 1731
271 2176
783 5645
143 1108
2063 3768
1137 2410
996 1924
678 1137
1012 1945
768 910
1139 1210
271 5892
2678 4408
4123 4143
1137 1602
5372 5372
271 2984
271 5985
271 1312
1871 2693
591 2125
271 747
2125 5825
783 5289
3187 3188
2641 2705
769 1137
1137 1455
2679 2679
271 1165
1421 5371
523 1108
1906 2805
2150 5369
747 1701
761 770
1137 1229
654 3986
325 2600
3159 5568
1022 3786
272 2052
608 1942
2784 4340
365 3029
271 564
4000 5499
523 1051
314 4951
365 5464
272 1963
1137 2975
410 5928
271 5125
523 525
584 5379
523 1343
2392 3535
212 636
1352 2668
1213 1430
138 785
1137 1615
2085 5245
271 4132
2460 2460
1352 2611
1580 4641
1137 5516
680 5026
1137 1757
2785 2785
747 1352
271 5482
2474 3144
2795 3829
2989 2989
2117 2392
599 4238
271 5550
1137 5756
3187 3258
0 2094
3763 4272
271 2222
143 1087
1008 1918
747 2836
2145 3362
271 5473
81 2988
1777 1777
1721 3315
3210 4610
279 477
271 2432
5493 5916
1018 1018
271 2177
783 5500
238 5536
1137 2406
1599 1599
909 2239
912 4894
581 1108
2336 2336
271 5807
2263 2263
143 988
868 1815
1137 4998
993 1524
3470 3470
271 1778
279 2210
762 1638
410 3692
0 2832
1406 5499
2561 5443
1137 1206
1137 1557
271 5177
783 5792
70 783
271 567
4589 4589
3011 3011
2891 3663
1012 4051
1942 2100
85 365
3121 3728
1944 4121
769 3229
572 1944
1137 1317
0 5421
564 2988
365 3567
244 2392
1235 3249
3733 3969
5000 5000
271 5430
1137 5680
2125 3126
5013 5198
1942 2676
1054 1054
1704 4606
365 3473
783 2386
4119 4120
2043 2704
365 1810
1137 5484
1881 2784
1490 1670
271 5486
1137 5818
591 676
365 1147
2612 2612
271 1081
143 1201
1235 4585
1018 3965
1343 1815
2043 2474
3329 3370
1010 3732
271 2374
2085 5898
2451 3527
1137 5982
680 726
2818 2818
2771 3830
402 2475
1914 2795
4100 4100
3288 3311
551 737
365 568
1572 1591
1961 4331
3727 3845
419 2988
2166 3613
143 2468
271 5836
912 914
314 3050
271 2872
1343 3402
1100 2125
599 3998
1137 2098
895 2991
912 5477
1137 2514
138 1035
4936 4936
93 2360
138 962
1137 1383
365 5547
813 5499
2125 2474
4573 4573
365 2994
3201 3201
1357 2017
1130 5063
1050 2828
539 1137
0 5739
1137 2934
2088 5070
764 769
74 145
1137 5324
5035 5035
989 2699
0 1406
2633 2635
1054 2082
1229 2068
815 1871
745 5731
769 3342
1590 1591
999 3993
1960 2664
1352 2795
0 246
2451 2451
365 2506
365 3410
1137 3033
1079 1137
1135 2474
2114 2468
1012 3770
912 1406
271 3572
975 4359
857 4569
2679 3825
1235 4552
4148 5499
0 79
1685 1685
410 1864
1958 1988
758 1137
3636 3636
1099 1706
279 420
271 2378
271 6007
2876 5530
1670 1690
610 2091
271 2290
1343 4949
1458 1458
271 1358
783 1196
2439 2439
121 365
1137 3664
912 2892
564 5529
1577 2468
5858 5902
1137 3584
1607 3310
400 5038
271 1201
1137 2563
271 2899
365 764
747 1632
132 133
1971 2618
1524 2736
1421 5387
1026 1900
783 3113
1130 1130
1077 1077
783 912
1130 3650
957 957
1006 3814
2359 2359
564 5078
1024 2891
3866 4413
365 3116
1370 3269
833 2104
272 1945
365 1567
1909 1969
24 5815
271 5098
2709 3956
957 4332
2114 5192
272 2705
365 5312
981 2468
3850 3850
2468 3609
1081 2114
1213 1393
1524 4044
1764 2451
271 4897
1969 1969
271 4973
271 3986
783 2429
5097 5097
583 2553
2085 2373
783 5086
1240 2392
1035 2061
271 2526
890 4084
1591 3196
1591 3316
988 1137
762 5257
988 4011
2012 2621
2478 3035
365 1680
4927 4927
2382 3489
909 5995
1011 4239
618 621
261 358
1942 2053
271 2401
1235 2545
2774 3843
271 1529
2772 2772
1048 3799
564 5492
890 2793
1092 1438
564 1130
783 5456
3041 5511
138 1108
1266 2085
1234 1234
832 2022
1137 4944
271 5751
813 813
2047 2468
572 2688
354 1137
1137 1397
1893 2641
1137 5236
2392 5735
81 5065
2297 2893
2632 2633
608 834
1352 3826
572 2007
378 4077
138 1406
1624 3336
271 1714
608 2024
1133 2309
1137 1369
314 2441
3517 5756
1422 5904
2264 2264
0 1444
365 5359
1116 1746
2125 5376
523 524
1421 2174
1137 1683
17 2193
271 915
365 2577
406 3613
138 783
5652 5652
2709 3739
365 2567
914 4280
272 3746
2286 5885
271 3622
912 5210
783 5259
3537 3537
1137 5515
2125 5649
365 2463
3922 5499
143 1782
0 2277
365 5828
958 2007
365 1749
2012 4202
271 2552
344 4238
224 2756
988 1035
783 5002
348 813
271 2449
2071 3765
670 1137
365 1635
271 5434
1011 4410
143 1086
1137 6030
1944 2666
636 1831
629 3873
1357 2445
1005 2060
3779 3779
1067 1335
133 238
1927 2641
1137 3427
2471 2496
1137 4544
1031 3778
2254 3455
2125 2970
365 5158
1893 3948
762 762
848 913
1008 1811
54 54
700 4180
990 4277
1896 2795
2872 3022
1408 1408
783 5421
271 5806
1909 2545
1508 1508
1137 4997
1137 2536
2392 5946
1397 5203
232 271
138 988
314 5090
2392 5720
2631 2713
1268 1550
1137 2662
365 5391
812 2052
143 595
1881 3792
2353 2353
3201 3377
0 2552
1782 3441
1491 1698
834 4070
325 1053
0 290
957 1352
69 1401
2894 5033
3809 4118
2084 2084
379 571
912 5783
377 2073
365 846
1108 2028
886 2468
1137 2989
1917 2678
271 1130
365 2384
271 2581
2457 2891
1268 2891
1247 3001
271 2237
0 4933
2891 5321
271 2472
990 4364
271 2373
2647 2647
1370 3332
79 271
331 4319
783 5591
271 5354
143 1137
24 143
2778 3769
2573 2573
1137 2312
1923 2717
2150 3673
271 2101
2029 4046
1137 3602
912 5598
0 1352
271 5722
3565 4092
1137 1249
5784 5784
0 5935
764 1235
1352 3828
1137 1193
2238 2996
2286 4890
2392 2490
1529 1529
153 2988
3182 3182
81 1070
985 3832
761 3231
263 4905
2298 2903
3832 4235
271 3073
564 1883
365 5281
56 2988
1541 1777
3876 4261
271 5046
2384 3675
954 1524
572 3783
304 2012
365 5985
1011 3893
3216 3216
381 2261
1000 2815
912 3556
365 1776
356 1674
377 4259
400 1180
0 5162
2381 2381
271 3571
2089 3631
680 2534
1008 2767
988 3988
3968 3968
358 4952
2928 5106
0 4912
888 1352
1137 3171
1872 2015
564 5702
2309 2309
2238 3541
365 2933
1137 3474
271 6006
372 702
143 2337
271 381
279 434
3385 3517
313 5530
383 1106
2606 4640
1137 3670
106 1792
572 1035
271 2133
579 579
2577 2577
1622 3227
518 3727
1187 2304
138 1544
1133 2478
2889 3517
2678 4213
365 3218
1352 1777
1137 2481
599 1011
271 1788
365 1206
1137 5238
365 2272
622 4082
1008 3948
3210 3210
808 808
1587 3238
1352 1727
1137 2977
271 3193
1708 1708
3846 4096
1801 2891
271 3099
1777 5478
385 3985
1624 1656
1137 5321
68 3093
1745 2891
769 1658
886 2632
271 3004
271 2244
857 3291
564 680
5413 5413
2719 3771
1420 1420
5411 5428
3083 3083
5595 5595
2468 2714
564 1553
271 3700
785 5686
271 5669
3975 3975
912 3468
376 4275
271 574
271 3504
293 2748
143 1081
1008 1894
271 2506
272 3611
1900 4133
912 2383
1745 3101
279 285
1099 1677
1942 2056
629 4019
1907 2468
1137 5807
271 2174
1900 3777
356 3318
1899 4046
2698 2699
890 2794
271 5918
143 3943
572 1909
1137 2344
1101 1137
783 1761
783 5457
2392 2392
1137 2149
2392 5864
143 236
1101 2427
2986 5695
3806 3826
1137 1453
1035 3724
1137 4943
1524 2811
572 2687
271 2619
154 1110
365 1227
1137 5235
996 1021
1011 1891
1137 1560
365 5472
564 912
1137 3814
241 2602
890 1137
3832 4158
783 5856
3832 4078
314 3433
747 3351
365 5282
2593 2593
2392 5452
783 5739
93 3575
4072 4072
2510 3092
271 914
857 3205
4096 4099
2087 2087
0 1397
1406 1772
857 3320
3934 4022
680 2238
988 3748
138 236
101 2891
1137 5520
611 2713
523 783
0 2577
1044 3792
891 1985
2022 4017
747 1358
0 145
365 2356
356 4553
3466 5939
0 3651
783 4997
2478 5832
928 1137
783 2972
888 4278
572 834
3794 4278
1745 3151
4093 4093
401 4944
328 2516
912 2955
3240 3240
271 2335
5719 5719
1985 1985
1137 3697
564 2145
783 5546
271 5922
2088 2157
2615 3780
700 4177
3824 3824
1137 1141
3660 3660
747 1650
1690 1695
271 2769
271 1777
279 2209
940 953
0 2891
271 1826
3272 3273
5052 5052
376 3788
2709 4291
3601 3601
1961 3812
895 4336
747 1553
271 5261
1981 2697
572 1926
5072 6005
529 4262
700 3840
743 4910
2123 5276
1235 3247
2510 2959
1137 1680
271 839
1455 4539
1010 4256
1587 1599
242 328
783 3414
1137 1463
2085 2394
2791 2801
272 967
912 1108
1698 3306
365 5793
858 3832
271 5484
910 1663
686 3499
271 2580
868 2818
638 5367
2085 5343
325 539
271 5461
1041 1041
271 2372
1004 1942
4016 5569
271 3440
81 3333
1739 5433
891 5499
1137 3400
0 3385
1591 4544
551 736
1137 2385
271 2917
858 858
783 1739
271 2100
1901 4007
271 5950
1961 4329
1947 1947
1906 1906
3217 3350
143 2306
2468 3727
271 2896
2114 5934
747 1659
2356 2356
2793 2793
81 3131
321 325
906 1268
1137 2223
2125 5690
1335 3578
289 401
5777 5777
365 1198
1212 2891
379 3987
1137 2733
62 3420
272 4043
2384 2503
2168 2168
700 3794
1693 3250
365 5417
2476 3433
378 2742
1178 1178
365 5280
1242 2891
896 2023
365 3593
572 3915
988 3829
1609 1693
1764 2474
1137 5647
2261 2937
572 2100
996 1037
1577 1725
625 1035
333 611
783 2844
3041 3573
641 641
2088 2480
4068 4068
2022 3960
1137 5881
1356 3729
0 2318
365 1768
1108 2158
917 5002
1406 2138
4126 4427
2178 2891
2618 2803
610 5713
0 2143
2341 2348
996 2009
913 1628
1652 1654
271 1474
1048 3725
2395 5496
2837 2837
1137 3472
271 2132
700 1879
271 5979
572 2758
995 1035
1900 3755
241 3496
3035 3035
1137 2562
2699 2724
365 766
747 1630
813 1035
2675 3736
1137 2480
1137 2219
3405 3576
402 533
2891 5771
365 5553
1406 2458
17 257
2125 2451
1358 5270
1692 3198
2891 3617
914 3774
0 362
0 5392
1406 4960
1212 1212
271 3098
2088 5143
694 2713
138 365
272 575
1327 1327
2891 3398
238 4910
781 1900
747 3337
565 1043
271 1944
320 743
669 1591
2722 2722
81 257
1764 5658
2392 5476
365 2428
1622 4544
1406 5739
271 2603
912 2391
1507 2392
365 2958
5090 5090
1393 2088
1320 2544
783 1457
271 5319
5963 5963
3144 3144
271 2399
2795 3748
271 1543
271 2173
783 5640
1165 2891
356 3317
1871 2770
636 1860
2698 2698
1406 2478
3079 3079
3521 5927
4123 4140
1871 2651
834 4236
365 5023
86 241
5613 5651
1582 1587
1137 2155
764 1634
2220 5134
1234 1235
2043 5499
0 2929
271 1403
1137 2268
4 957
988 4259
271 2618
1137 1396
271 1803
564 868
955 3792
15 81
2392 5737
1659 3349
2474 5168
1073 1137
343 523
1137 1177
523 5142
834 2682
358 2951
5002 5002
271 5231
1137 5467
1137 3720
1472 2237
1137 2974
271 3218
365 5354
1130 5115
142 143
1137 1787
1352 1630
378 2681
271 3129
356 2145
912 2988
2474 3282
568 747
769 1636
4969 4969
1406 5056
356 356
365 1406
271 5707
1406 5165
398 2085
2682 2682
271 5600
371 371
2717 3823
1119 1119
888 2018
271 3597
3389 3389
257 365
40 610
365 1073
365 1704
271 964
143 1085
915 2891
271 3412
99 1137
365 1591
228 2516
365 2890
143 1544
2119 2437
143 2665
87 2125
271 2334
365 5160
62 3682
1041 2729
1585 2468
397 1315
3623 5137
2891 5120
1137 3613
271 1432
890 1768
1130 3703
957 1927
1672 1672
1136 1371
1397 2891
0 2981
279 2208
1036 2678
2392 3477
1137 2453
3876 4209
1137 5205
2135 5094
279 1204
4212 4212
0 5621
2170 3041
1388 3895
2089 2089
1319 2891
3792 4252
271 5174
1981 2789
572 1986
1320 4979
1139 5574
5037 5094
381 2286
1137 5441
783 5733
1703 1704
825 2155
783 1137
5644 5644
0 1054
764 4974
17 2198
271 5042
2350 3144
279 948
378 608
572 3709
143 3290
2446 2474
797 1137
2026 2616
1986 3968
1114 1114
608 2709
259 834
2369 5378
1024 3860
365 2385
372 572
1438 3074
683 1536
1008 2631
402 2593
1137 2236
1743 5293
3832 4128
271 5308
1463 2085
1600 4604
2891 4946
0 46
271 4023
271 1560
783 1791
2293 4901
1011 1011
1137 6006
116 2515
271 2099
912 4922
223 1046
1202 1202
608 1024
2676 3821
783 5293
271 1329
0 1358
271 2895
139 625
747 1658
314 2169
2540 2540
271 659
1137 2511
2476 3559
1335 3577
2341 5418
3986 3986
1137 1192
1893 2635
2836 2940
1139 5465
523 5206
19 610
2107 2107
271 3168
903 1922
1357 5123
257 1137
1800 2437
1815 5362
1006 3993
2539 3521
700 3923
1624 1639
2392 5407
365 2095
909 2297
81 1184
572 3918
272 2576
783 3457
1904 1942
2052 2814
271 3048
1635 3220
3257 3257
2683 4227
365 2522
1653 1718
2137 2239
1406 2562
17 2988
783 1556
1724 3187
376 4309
2270 3503
1235 4547
2745 4338
1686 2606
271 5398
2069 2821
754 1895
1756 2254
2668 2715
1602 3312
1099 1705
1048 2004
1137 5956
912 1346
279 433
990 4152
1597 2474
1137 3668
271 2131
271 2163
271 2824
700 4232
1553 2891
488 636
957 3823
1137 2568
138 523
365 2560
1137 4950
3273 4542
769 4610
1137 5243
143 821
2468 2642
518 1052
0 3048
2392 3392
271 5202
572 2067
1714 1714
365 1497
2737 3874
377 4389
1457 1457
0 5391
4111 4258
137 531
1137 1710
365 5310
2891 3474
271 911
1602 3295
891 1357
25 5816
747 748
747 3343
379 2632
1137 1804
1137 5547
912 5715
2096 5731
1067 5341
2007 4084
271 5667
80 2891
2095 2095
271 3593
680 3418
1533 2085
1137 1447
1035 2742
1008 2012
3187 3262
2647 2777
249 279
271 3503
336 611
1597 1597
857 4638
1176 1177
1703 3297
377 4055
2244 2847
3784 3784
1942 1969
507 881
2022 3884
2534 2534
783 5641
1130 2318
2085 5509
2088 5738
365 596
564 5489
271 5916
271 1363
4123 4139
93 2838
271 2941
2733 3832
409 523
1073 5727
700 1968
365 2635
313 314
271 2845
2468 3601
1137 2154
2828 2891
143 2114
4040 5321
145 564
2700 3872
69 99
14 271
1745 2122
0 1201
2618 4359
299 551
1258 1406
1881 2991
857 3364
1254 1339
1206 1206
3801 3861
756 910
1472 1472
1652 3217
5420 5420
1320 5158
378 3956
1872 3844
2618 4224
365 5353
1137 1335
272 3889
3427 3427
1775 1775
271 5018
143 1325
783 2464
365 1408
1587 1591
409 1318
2088 4963
271 5599
356 1719
272 1010
1067 2882
3828 3828
314 5356
358 5517
1426 2085
1013 4200
271 2550
751 910
271 5573
276 2392
516 7663
3210 3226
1950 1984
94 257
749 756
1942 2974
0 104
1059 2125
1947 3615
1130 2919
4379 4379
271 5347
1956 2022
356 3182
890 2077
1942 3760
783 5510
2903 5138
681 2468
1353 3317
365 5156
572 957
1137 1907
2872 5724
1139 5950
1137 2322
2640 4893
271 5803
271 1325
365 2891
2082 2082
1137 5001
2125 5798
2085 5231
5275 5275
762 1635
1743 2140
143 261
81 2306
1530 3324
365 1183
608 1872
3210 3229
2618 4356
271 5173
1251 2891
365 3046
764 3228
3205 3205
0 1499
783 3625
365 5388
1177 1569
1027 1048
3220 4611
1872 2676
3435 3435
271 5151
1137 5358
749 1663
331 341
1137 1320
1357 2135
2709 3804
2693 5569
2683 3890
1357 3563
0 2480
271 4944
1871 4379
912 5782
912 2123
2056 2468
1067 5390
700 797
24 116
1346 3247
564 1480
2087 3074
93 138
572 810
271 1078
271 2470
1969 3753
2888 3517
783 3975
2706 3316
3900 5177
0 45
1137 5959
279 453
81 3237
896 2690
1690 2760
271 4284
2088 3098
271 1272
857 1733
324 3170
1137 2318
2706 3733
788 788
1352 3560
3804 3804
2875 2875
1038 2891
2670 3809
1137 4973
783 5337
1212 2396
491 636
2293 3531
2085 2085
2085 2268
2986 2986
3687 5670
1137 1191
1893 2636
565 887
2254 2422
913 3221
81 110
618 7612
272 1883
551 558
279 559
1038 1038
2012 3749
365 3589
2784 2784
2618 4253
365 908
365 1430
2468 3074
273 1702
2891 5820
1137 1753
81 143
1882 4147
1137 3036
895 988
271 3568
272 990
783 1345
696 1006
145 257
381 1138
271 5397
365 2300
279 395
2365 3427
638 1137
2344 2344
279 424
365 1024
1353 2841
1008 2891
783 1241
2022 4296
1787 1787
1421 5248
1137 2354
271 2938
143 1406
271 1510
271 2130
271 5978
1137 5814
356 2990
62 840
271 2823
143 223
2592 2891
1097 1137
0 5899
93 1508
992 4130
1137 2486
769 4609
1724 3207
1137 5242
1406 3707
2400 2420
3240 3273
2777 3952
125 279
71 271
272 4110
958 4028
365 3113
0 5794
365 1565
2709 4245
272 1909
271 5094
2125 5419
565 808
271 3097
271 1656
978 4148
365 2123
314 5562
1408 1739
4286 5391
747 747
912 5829
572 3758
747 3342
2053 4330
0 5100
1335 2992
526 3504
2778 4190
271 5666
1597 4630
564 1544
2015 2015
857 4594
0 5029
0 2115
70 70
3285 3285
833 927
1008 2647
823 832
1137 3525
912 2381
0 3571
271 5317
271 1008
988 1998
145 371
143 1130
356 3205
912 941
271 6036
1137 2418
345 986
365 5152
1871 2650
1008 1012
365 5042
0 1755
1319 5547
115 365
1002 2750
365 783
145 607
1137 1399
3129 3565
2627 2627
1243 1961
1137 5214
3182 3283
1959 2468
1130 4911
608 1944
857 3365
3288 4572
777 1343
764 3209
1161 2938
2478 2485
2775 2891
1130 3110
1137 2957
365 5355
365 2136
0 2585
2894 2939
271 912
769 1634
271 3024
1397 3562
2637 4021
1137 5617
365 3448
1160 1527
365 2088
271 1969
1137 1406
2872 2872
1406 1430
984 4003
1390 1390
1035 2033
271 2549
350 2928
4166 4230
1015 2065
914 3967
581 1373
1530 3264
271 2448
3210 3225
2056 2675
271 2243
143 1084
680 912
1010 3819
365 2892
2808 2808
1137 3431
1130 6020
1499 2421
365 5155
1909 3719
271 2095
1921 4020
2437 2891
777 1942
2125 2891
365 5044
783 5432
1137 1139
564 3627
2903 5208
377 4340
1861 2988
1137 5000
912 1904
625 4321
4379 5569
365 3171
2700 4123
3239 3297
0 3018
3883 3883
783 5908
957 4116
381 5783
1137 1544
1406 1709
271 5259
97 143
957 4280
1406 1410
821 840
376 4223
1137 5357
1137 1319
2891 5439
271 5040
133 539
143 1343
394 2928
263 3920
681 681
1728 1728
271 4943
1011 3856
116 143
356 1682
145 912
365 2392
3931 3931
1137 2993
564 1343
1137 1745
271 5392
1782 5913
317 827
783 2953
2056 2707
914 914
2125 4936
365 2930
2098 2114
1201 2549
0 2333
913 1636
1733 3281
279 452
131 1137
271 1559
909 1212
3764 3825
3826 5741
1137 2364
783 5409
271 5947
2076 3736
1163 4582
146 2988
238 2468
1352 3561
271 1343
1900 2634
957 3852
1591 1678
912 1944
857 1082
747 1624
783 5338
2614 3713
2540 3592
1137 4898
2891 5779
1893 2637
2379 5507
383 2389
1137 1541
271 4630
271 5196
3826 4031
1116 1137
618 7613
2085 3001
0 5475
3266 3330
365 2227
1745 5474
344 3719
564 5213
1137 5410
72 912
572 1893
551 557
1871 1955
1524 4138
365 5308
3233 3329
271 4987
2392 5408
302 1539
564 3010
912 1525
271 3147
1536 5361
365 904
2512 3071
378 572
758 3211
1620 1635
1137 5556
1137 3035
2891 5248
1942 4201
783 2203
81 269
2392 5551
1871 3809
162 279
271 3567
1381 1381
2443 2443
1358 2347
271 2597
2938 2938
271 3479
2510 2571
1040 2796
376 4404
785 2961
656 2828
2706 3074
0 36
1041 4147
2088 5395
2584 5238
135 2510
564 1406
365 2831
5319 5319
365 1260
942 942
783 5550
1575 1591
1536 5068
1961 1961
572 2759
1137 3465
263 2186
365 3661
3832 3835
859 1182
747 1635
3020 3020
1251 5665
957 3757
1137 3425
365 5589
145 1528
2392 5702
81 566
747 3541
783 3020
271 1745
3832 3971
1499 2426
271 5200
1067 1388
3273 3276
743 1228
279 484
599 912
2891 5480
2125 2175
1137 1488
1243 2136
143 680
2451 5225
2478 5720
53 271
365 917
2478 5279
3563 4931
2400 5543
1745 5339
2709 4075
44 595
36 1798
1091 2891
1137 2363
797 3858
910 912
591 1158
3210 3335
271 5542
706 988
2516 5295
365 1119
145 1107
833 926
766 3218
272 372
1370 3197
1259 3539
659 659
1942 2059
271 2397
271 1541
271 2171
271 6035
342 523
2085 2891
2733 3977
1048 3804
1352 3611
1390 1391
1641 1666
1011 4214
314 3123
1008 1013
271 1458
4898 4898
271 5798
2468 3931
2455 2891
2088 2986
271 1219
657 2891
1137 2541
365 785
967 2618
143 269
2678 4239
564 3411
145 606
1024 1352
1348 3607
1995 2991
1223 3185
81 546
72 143
2017 3848
2125 2582
1900 4068
857 3366
996 4178
764 3210
764 3862
271 1709
81 87
1137 5447
1352 3769
1693 3298
523 526
271 3658
4046 4118
273 1582
1650 3343
271 5016
3963 5495
1397 2067
680 1116
912 5869
0 1077
0 2218
783 3495
3829 3829
2088 2521
368 2012
3877 4021
680 2240
700 4114
1067 1067
271 5598
1137 5524
272 1008
629 4353
1316 3117
2678 3966
1335 5462
365 2353
2425 5401
365 1139
271 3763
1915 1915
378 1942
1192 1419
2392 4909
1237 2841
1346 1615
610 2152
279 479
271 2427
2088 5801
271 1544
999 999
1137 5896
2412 3563
610 2249
314 3169
1499 2422
271 2333
1130 5270
1704 1704
2890 2890
2468 2786
2679 3832
834 1035
143 2451
271 5828
271 2863
5065 5543
2022 4049
1152 4925
69 81
271 1774
2668 3818
365 1250
263 365
1872 2545
271 591
1371 4550
1236 4964
271 1761
1715 2145
1587 3208
365 3068
3728 3850
1160 3145
608 869
272 1885
365 1539
1137 5445
1008 4643
1893 2638
314 2382
783 3477
1137 1656
1632 1632
3247 3247
344 3958
783 5195
2091 5816
382 624
0 4962
271 3670
783 5232
2125 5516
2384 2891
4207 4207
890 4120
365 792
1346 3249
1335 2874
271 2577
143 2891
271 5391
672 2341
1090 1137
3745 3832
761 1662
59 564
3273 3367
143 365
365 2927
680 5200
1137 3486
5301 5306
600 808
271 3438
120 358
400 574
1041 2793
120 5306
1163 3301
874 875
3621 5858
271 1493
271 4175
1137 2301
365 1357
1137 5056
271 5831
599 1406
271 2892
3041 5679
11 257
271 1390
747 1623
3802 4021
1099 3196
271 5717
277 2474
5424 5424
1356 2648
1137 4897
0 5413
783 6056
878 879
365 3176
1745 4920
271 727
914 3851
241 2474
956 956
1137 2737
1137 1530
4306 5569
1163 3252
572 1896
551 556
271 3070
1137 5326
2699 4188
365 3591
2063 3782
1872 4042
1051 1533
1137 3128
1353 1382
236 912
52 783
2721 5499
564 1635
783 3472
1137 1777
48 48
3296 3296
697 697
356 4579
1942 4286
365 1766
377 3929
271 2596
3210 3217
365 587
3724 3724
2559 2559
2662 2662
0 1739
26 747
0 2145
271 2266
626 3735
683 683
279 422
271 2392
60 2988
271 6001
279 301
564 2495
279 437
372 1965
386 551
271 1352
2392 5115
777 1908
271 4911
912 2886
314 1160
759 761
2478 5222
1932 1934
608 1049
783 5270
3924 5499
1137 2565
271 1399
1562 1562
145 570
271 672
1160 3050
783 3070
2742 2799
2020 5499
3923 3923
785 2305
1881 1942
358 2847
2125 3407
623 1035
1877 2468
1268 2085
659 1081
2891 5167
912 2235
2392 5420
572 695
11 109
5580 5580
1808 1808
1591 2114
857 3283
747 3340
271 3613
912 3585
1108 2376
2386 3638
382 608
3845 4096
1523 2510
951 1137
48 66
2392 5479
681 1698
2088 2397
2085 2306
2891 5043
271 5683
623 625
1137 5697
1777 2016
914 4398
271 3406
2100 2474
1137 6026
271 2422
507 878
271 1540
143 2614
2052 2052
5160 5160
1158 2156
1623 1655
1137 1916
564 3545
762 3343
271 2939
783 1760
271 5512
271 2150
1172 2510
19 279
271 1420
1035 3720
1137 2272
271 728
1629 1635
271 674
1137 2460
271 2614
909 5077
376 2667
107 1316
1223 3186
1739 2151
1652 3354
365 5471
783 1906
1130 4909
1900 4069
1315 2384
1815 5908
271 2438
2891 5660
271 1708
272 1966
1184 1184
1108 2784
365 3665
747 3353
3220 3220
564 833
365 1472
365 2138
55 257
130 358
382 1942
1137 5289
1825 2478
896 1979
1998 2637
1469 1469
236 2201
279 653
377 1990
1959 2045
271 5597
3799 3799
0 5078
295 636
3720 3809
890 4149
1031 1031
41 81
365 2352
3591 3591
572 3992
1764 5482
381 1060
2017 2725
365 1141
2405 2596
783 5048
17 1864
958 3858
2819 3832
3793 3793
749 759
1011 4408
1137 3505
271 3435
279 1504
3596 3596
271 5345
1358 2891
1825 1825
271 2426
410 2459
0 675
356 3291
783 2614
1343 1429
224 224
912 4917
1137 3617
271 1429
1942 2067
3241 3284
1591 1698
747 1652
1008 3791
882 883
1160 5090
2468 4040
564 2398
0 1600
2254 2594
271 5774
5241 5241
1702 3329
957 3803
783 3150
1137 3886
1234 1364
5379 5379
1133 1133
2709 4286
365 3067
764 3223
271 3162
155 155
498 783
108 365
1137 1318
783 3483
1110 5710
1901 1942
3202 3217
2054 2699
3454 3454
1116 3501
523 1883
1705 5531
59 81
0 5241
2468 2615
1976 2706
2867 2891
271 5628
914 4171
3041 4967
4014 4014
785 1137
783 2182
75 1137
753 910
365 1143
985 1024
0 819
271 2468
783 2954
38 1093
1727 3256
2343 5073
2891 3021
271 988
2891 2898
1802 2891
344 2000
279 1495
1553 3655
271 2284
1137 3401
859 2532
1137 1969
365 1991
564 1459
271 1492
5836 5836
2286 5260
1137 2300
271 2982
2392 2854
365 1356
783 5305
3567 3567
748 910
1348 1348
947 2343
271 1389
3968 4267
747 1622
1506 2436
1099 3193
271 5716
572 2699
93 2305
2137 3177
0 2961
87 87
749 1137
2106 2106
523 591
868 3579
1887 2618
271 726
271 1786
1236 3408
143 1909
783 3029
3330 4561
2063 2721
1965 4226
785 5197
1591 3923
551 555
233 2631
2728 4023
0 1104
0 5758
2700 4195
263 1382
1067 1769
769 3211
2125 2126
365 905
747 788
747 2114
1160 2902
1562 2036
62 4975
271 3672
130 130
3611 3615
358 5552
81 261
1011 3739
957 2705
730 2914
1137 5794
2114 4925
365 2434
1137 5700
912 5168
138 1492
272 376
1959 4029
271 2265
2088 3415
865 3790
365 5648
523 912
279 415
572 4203
1243 2989
2478 5504
1137 5933
365 1255
1130 2333
279 436
271 2309
1353 3203
888 4066
2046 2046
766 766
1136 1222
2125 5126
1809 2392
834 4196
990 4240
272 2225
271 5976
271 2837
1137 3566
365 1318
1137 2572
912 1969
1635 1643
990 5314
3187 3263
1335 2592
365 2270
3069 3069
179 279
5482 5482
271 689
1949 2022
912 5273
2252 2392
271 3296
3720 3765
1316 5023
2383 3087
272 2726
271 3187
611 4129
271 5117
523 536
365 3627
1137 1714
564 4971
513 5350
81 5132
1173 2384
2125 5645
365 2452
365 5512
271 3697
1235 1714
2007 3764
272 914
271 1113
2668 3893
302 2468
271 3591
271 5272
271 5541
365 2331
350 3002
60 1211
1013 2627
397 523
271 2523
912 1764
271 3405
3702 3702
2223 3480
1318 1318
344 2061
271 2421
1160 2382
4143 4143
1137 2416
3409 3517
3074 5058
409 907
783 5462
392 551
564 5675
1137 5005
2392 5929
116 5145
365 4932
1035 3719
1130 5567
0 3114
4230 4230
2468 3736
2667 4224
636 2191
1236 3175
783 5940
564 1051
2151 2151
2392 3404
2709 4311
1877 1877
5035 5339
764 3212
241 1137
365 5461
1343 2101
365 3664
1137 2960
909 4953
783 5749
358 1565
26 912
271 3124
1584 1591
523 1335
2125 5275
365 3556
271 3022
2617 4306
0 2523
1421 3393
74 74
1006 2070
857 3313
5364 5364
365 3465
271 3640
365 5937
1137 5522
1137 2366
1406 1432
973 1137
62 62
2699 3860
2468 2775
1524 3757
1137 3677
365 1140
271 5570
3621 3660
2292 2292
909 5932
749 753
1421 5069
2891 5217
2144 5403
2562 2891
834 4407
120 2889
1370 1601
1553 5223
68 2085
238 308
271 2425
271 1558
93 5565
138 2474
498 2210
1877 4348
1607 3186
834 1040
271 5826
3270 3273
1108 3558
1137 2594
1591 1697
700 4193
1352 2019
888 3879
279 2202
2828 2828
1421 5429
2516 3645
273 3181
1137 2183
2451 2810
0 1343
1438 2122
1339 1339
997 2789
1388 4283
1764 4923
365 5503
271 5170
335 611
4572 4572
2891 5182
271 3161
785 5219
747 1533
2891 3670
331 4038
365 2165
1745 5681
785 5366
376 3820
1525 2235
223 2631
1767 2117
747 1268
272 2647
2891 5435
312 539
385 608
2737 4068
2585 2585
2137 2242
1137 2556
271 3041
1137 1571
591 1137
365 3466
156 1040
1140 1140
1137 5490
680 5053
1942 4168
1079 1079
2891 5792
783 5125
365 1764
783 1359
365 2380
912 2451
591 710
1117 3333
1406 2173
2891 4930
2085 2504
271 2366
783 2901
913 1637
0 3479
0 61
271 937
279 455
996 1956
868 2968
271 1347
564 1460
1137 2361
271 2912
2872 5696
783 5418
271 5944
0 689
271 365
1406 3604
143 2474
1137 5054
1008 2058
1137 2575
2891 5958
21 5375
410 523
3317 3317
271 5715
379 3811
4146 4146
358 5781
1942 4059
747 868
145 591
1223 1699
758 758
0 1553
3065 3065
1137 1529
365 1561
271 3182
608 890
572 1897
1137 1347
551 554
2109 4937
244 244
1137 2938
38 143
0 2547
1069 1108
365 1160
116 116
912 1533
271 2998
783 2219
609 2468
2699 3968
1346 1793
783 2356
0 4973
1137 3040
3926 4324
1137 1782
3845 4098
224 4273
365 5771
46 271
3621 3621
365 2326
2891 3635
2468 2471
271 3477
797 903
61 271
2098 2098
1462 1825
711 832
271 2264
271 5279
5169 5793
271 2391
912 5045
2125 2943
564 1056
2104 3118
564 2085
638 5670
990 4242
365 5109
2012 3973
1037 2022
764 913
138 626
365 1320
4386 5569
3872 3872
1137 1457
365 4913
1012 4366
2474 2871
5094 7708
385 1942
811 2706
1352 1942
1137 1996
365 1220
909 2135
1458 1492
138 1024
119 358
271 1743
344 345
365 1165
385 2731
1268 3684
358 358
835 1594
608 2007
2784 4207
2392 3619
271 1591
680 2909
271 5116
523 1319
912 1544
1137 1721
1243 2238
365 2119
143 2286
2891 5303
2125 2220
143 3333
1265 1265
271 4890
271 523
564 3131
20 81
4220 4220
912 2085
826 827
1137 1807
356 1726
1011 3918
1633 1659
238 3699
1212 5595
271 5663
1528 5543
638 5233
174 279
572 3883
271 2546
271 3590
2022 4079
2177 5345
1035 1969
271 3501
3779 3889
3014 5065
1000 1048
4019 4019
1553 3130
271 2522
3385 3385
3910 3910
783 5605
271 5313
2392 5262
271 2420
1591 4560
2772 3903
3792 3891
1320 3023
914 1942
2104 5241
1591 1605
1130 2224
2736 2736
523 1544
271 2840
747 761
1122 5166
1582 1591
365 1335
271 5886
564 3700
3383 3383
2017 5741
4116 4116
808 4319
93 5085
747 910
2012 4135
1356 2700
1137 1401
228 238
1137 5217
761 761
4111 4111
271 614
758 1656
272 4136
365 3040
0 2358
1406 3166
272 1971
271 5227
572 2037
2137 3634
2363 3521
2638 3952
2114 4640
2095 2891
1137 2888
13 143
271 5014
564 1792
3187 4653
1137 4292
2100 2100
405 509
2254 5327
1335 3003
2085 2430
783 933
564 4539
1553 2266
272 865
279 1103
1984 1984
912 1383
564 1358
365 1137
3653 3653
1032 2769
912 1024
1137 4928
265 2988
1602 3293
2222 2478
2194 2988
783 2282
1137 2063
455 2988
1901 3793
377 3793
62 5967
271 2424
36 36
271 1557
787 1115
797 897
263 1086
5523 5523
1137 5901
1970 2648
1137 2392
2088 5712
325 5059
3973 4104
3074 5035
1704 1707
1871 2622
1419 2417
1010 2706
2429 2865
272 4414
747 1644
223 303
2676 3902
1750 1750
988 2724
891 891
116 2092
72 5856
2085 3142
2424 4966
497 636
1022 3894
521 4194
529 1137
1680 1680
1352 3319
2382 5059
365 3069
27 1325
783 3629
572 618
271 5255
743 5003
608 2056
572 1915
957 4242
81 1792
228 309
4065 4065
135 135
1137 2859
2891 5436
700 3955
358 5358
271 2228
2709 3799
1529 2958
1467 1592
1137 3944
279 632
572 3728
2155 2155
1111 1137
271 1906
2163 2392
231 1137
3917 4370
2395 5699
2384 5577
3845 4099
122 228
271 314
785 5629
1710 2145
1547 1547
3074 5450
271 2575
3453 5113
3350 3350
271 5388
365 2293
271 2467
334 611
2286 5686
1492 2194
356 3367
365 2928
2822 5499
271 3436
1406 2412
0 60
285 1863
271 2282
575 981
2687 3809
0 70
2125 5144
271 2911
2892 2892
1137 1884
271 1270
659 5160
365 1358
3683 5850
271 2889
308 365
1959 2671
747 1628
271 1254
1033 2795
1137 2493
1137 1421
1674 1674
224 4011
608 3611
271 599
1370 2474
289 396
608 1901
2627 4305
365 3102
271 5122
356 835
2891 3623
783 5869
977 2031
365 2988
1041 2010
1584 1584
551 553
3795 3795
769 3209
365 2090
783 2578
2125 3117
4165 5499
271 2043
2085 2924
1316 1316
1137 3125
783 5174
629 4392
3565 3565
564 783
3845 4097
30 357
1917 1917
574 2891
3557 5164
271 3727
1343 2392
94 920
2891 4984
680 2439
1008 2654
2815 3725
1356 1745
572 4165
2046 2709
93 5428
1099 1099
271 1526
2494 2494
630 809
271 5999
1137 5931
1031 3792
271 2307
1137 1947
2392 5116
608 1004
2752 2752
2757 4003
741 914
365 523
2468 4903
271 5975
912 5635
1137 3564
365 1319
1137 5032
3801 3938
1635 1649
1035 3753
143 2548
3187 3261
2614 3908
3211 3353
0 3130
1137 5244
222 279
1137 1235
271 1742
1921 4093
272 4087
1213 2117
1472 2125
1704 3372
2739 4170
365 3011
93 271
783 1118
2891 5385
5342 5342
1137 1720
2104 2329
271 909
1137 1267
1090 5202
2468 2878
1235 3298
271 4917
1137 5623
747 749
271 312
3948 3948
1213 1463
137 5206
4312 4312
138 2125
358 5493
2468 5602
1137 5854
365 2349
1035 2039
271 2545
1343 2838
2891 5139
785 5765
1010 4039
376 376
0 2307
1346 1712
138 1954
271 2443
271 3500
3154 3154
1667 1727
608 777
2272 3005
2474 3654
1024 1959
3910 3911
36 2988
356 3188
271 2419
138 1343
143 1553
271 1538
2891 2929
2392 5126
912 1358
762 3224
1356 2554
3802 3862
564 2114
271 5911
639 810
1547 5617
271 5181
2804 2804
2494 5396
2341 2474
564 2327
271 2858
1161 3005
1137 2136
988 2699
1137 2545
1680 2903
365 4933
1137 2254
271 5768
2496 5094
1371 3302
2618 3820
73 1268
271 1756
2157 2517
365 3035
272 1969
143 591
1893 3933
271 5119
271 868
1137 2603
680 5265
0 1130
1130 5192
271 919
496 497
1137 5692
5670 5670
912 1492
783 2963
271 4919
2392 5645
331 348
2678 2811
1427 1642
4565 4565
4197 4197
377 4271
764 3192
1871 3717
912 2526
5013 5387
1048 2817
246 279
271 2570
572 3993
3904 3904
0 3620
385 572
572 1562
1959 3927
749 755
1006 2761
271 2360
385 1009
2709 2810
5143 5143
279 469
271 2423
888 4047
988 1918
912 1319
2700 3963
271 5940
1641 1641
1421 5198
314 3145
5573 5573
700 4169
1137 3621
1782 5440
271 5825
3241 3256
143 2125
2088 5524
1137 3541
290 1137
5696 5696
5473 5473
1137 5970
279 2204
1137 4903
3736 3823
365 2244
5418 5418
3258 3259
1897 4005
885 1043
1013 3994
1011 1917
1760 5592
365 5497
1891 3889
4148 4261
1137 1492
5651 5651
1137 5422
378 3877
1421 5704
1406 4906
870 871
1704 3239
1421 5822
100 360
1358 2469
2891 5352
2891 3445
909 2292
54 271
5169 5169
783 5098
271 5625
356 1690
2015 4349
912 3517
833 1137
1008 2737
641 2631
1370 4544
1160 1387
949 1137
271 5273
1704 1705
783 2861
271 1524
1370 1579
2478 3096
905 1137
365 2828
271 2281
651 1045
356 3267
552 646
4077 4077
271 2123
271 5971
406 2872
47 1013
1137 3593
365 1353
1137 5034
2412 2482
2892 5610
5305 5305
978 5499
2239 2242
1136 1712
3753 4305
72 135
912 5461
4166 4166
1100 2497
356 2468
272 4166
2678 4394
784 2510
365 5423
365 1559
1177 1534
1137 1159
2687 2687
2990 2990
783 3701
365 5411
572 1899
2222 2510
761 3339
0 2545
5000 5365
764 1659
1782 1782
1256 1256
996 1043
272 3784
365 3496
271 4964
1688 3280
1406 5208
271 3693
1564 2891
30 358
2012 4220
0 5161
912 1419
2804 4129
1137 2518
271 3564
857 4558
379 956
783 1346
912 2474
572 790
2891 3074
761 1107
272 377
1137 3163
4891 5692
525 2495
1160 2476
379 1137
401 1241
3765 3783
1137 5937
2309 2891
972 2690
2891 5236
271 1470
1649 1652
2898 2898
2033 4060
81 936
1008 3883
278 1038
1137 2280
271 2835
2706 5123
138 624
365 1316
2476 3050
271 1213
1670 3187
3250 3250
271 1397
2220 2220
143 257
312 2382
5338 5338
5864 5864
2358 2891
2170 2170
0 1218
3950 4313
584 1563
3186 3186
1137 1183
332 1035
0 5811
2392 3397
1012 2773
271 1702
651 2713
2706 4186
1022 2801
572 2029
272 3995
365 3008
680 1444
787 5543
572 3864
1108 1137
2891 3457
1335 5583
54 5065
769 1619
1871 4310
747 3221
1357 2496
846 846
279 660
783 2485
1133 5378
4289 5741
271 1961
2128 2128
377 624
271 5589
356 1724
978 978
580 834
271 5661
81 5266
985 2797
890 4065
743 2169
1266 3178
271 5539
271 1051
271 3755
2738 3832
0 2085
271 3499
365 1116
2363 2363
1008 1872
1906 3839
912 2377
6 1551
2891 2993
271 2168
1321 1864
3708 5499
1218 1218
523 2254
572 987
271 5910
523 833
2704 3736
3477 3477
1137 2278
1237 2468
2903 5064
1137 2544
2759 5499
261 3333
365 4930
2676 3778
271 5767
1108 2435
983 2771
273 3265
747 1698
365 1178
143 833
1011 1878
271 1755
2059 3792
5445 5445
2927 2927
1975 2709
326 5684
279 1861
271 5250
1137 1363
138 2254
0 1108
1010 1011
1893 3934
3086 3086
1051 2891
3629 3629
365 365
2510 2935
1137 1688
912 3004
857 3201
2481 2891
382 1913
2356 5352
1137 3074
3728 4142
783 3442
271 1963
271 5593
1130 1787
1040 4163
365 2474
2049 2709
1963 4046
271 3540
0 2286
271 5472
2286 2382
20 584
1745 5837
564 1352
365 1138
312 1160
271 1054
680 3688
169 279
4108 4108
709 833
772 772
385 1008
1762 3074
1024 4046
2104 5097
238 306
1899 1899
564 1437
912 1320
572 3727
1260 5851
1967 4301
2641 3851
2126 2392
2468 4013
775 1698
2903 2903
143 2440
1991 3807
1764 2234
747 1642
1137 2114
399 523
3256 3256
272 4378
0 2976
1136 1679
1406 2901
1137 1255
2272 5054
1130 5636
143 2391
2717 2717
365 1544
1137 5106
909 2468
138 2224
0 1165
271 3158
1683 1683
2478 5433
1137 5007
797 4177
913 3354
1137 5340
30 143
1541 5111
4111 4209
376 1876
1235 3251
271 5036
3199 3199
271 3039
747 1343
1132 2343
3566 3566
271 3666
2474 4544
271 5624
1137 5495
564 2891
957 4398
2093 2380
1137 2995
3474 3474
912 5368
271 273
1061 1061
1991 1991
2991 3885
406 523
3306 3306
906 906
0 34
3099 3099
356 3243
141 143
3908 4357
379 4181
3755 3755
271 2280
1739 5329
912 1335
868 3162
365 579
365 5084
1035 3958
1137 1882
271 5970
988 2772
271 362
271 2979
1160 5549
608 1031
1352 3557
365 1352
5095 5387
271 2887
1571 2468
325 365
365 1274
2554 2706
365 3206
1137 2491
2752 5499
3792 4212
0 3140
1782 5231
1212 3177
2679 4247
5486 5486
1008 4322
0 2868
2502 5884
834 2668
1683 2706
1421 3122
81 108
1137 5104
2392 5952
3237 4539
1792 1792
271 3180
1873 2751
344 3724
271 1733
2125 3528
2145 2891
2891 5395
1051 2873
2700 5499
1944 3715
2044 4324
783 2573
2700 4314
1893 2717
100 564
1721 2145
279 614
1352 1467
3507 3507
611 2669
272 1004
1982 2618
2022 3979
518 5728
1625 1652
238 262
572 3948
356 4589
728 2406
2890 3517
2563 2563
365 2954
271 2495
2344 5731
143 2928
1741 2745
1108 1405
3528 3528
279 418
912 1740
1137 3461
912 2286
1186 2891
271 1469
783 5561
137 271
1137 3650
890 2137
306 5443
864 4134
2123 5194
138 1130
764 1701
3187 3259
912 5502
783 3079
1453 1453
2220 2578
2392 3565
138 1030
1042 4305
1952 2022
745 745
1179 2085
316 2516
2990 3313
2282 2282
93 3494
1771 2478
783 3672
2392 5165
365 5344
2737 3882
1881 3728
4069 4069
2630 2630
2088 5138
3289 3289
400 6044
1160 1160
747 3220
2740 3765
3187 4537
1904 1975
2392 5298
2037 2037
2392 5619
1067 2865
1108 2235
1235 1611
1189 2439
3243 3330
760 3220
271 3498
312 5530
2841 2841
271 2521
365 1058
145 375
4040 4276
33 143
1429 1429
1352 2297
0 3518
271 2167
747 1051
271 6030
379 4339
366 4069
2654 4077
1942 3728
1356 1421
241 5493
271 5909
77 1930
2359 5140
518 2742
1356 4198
2468 4968
811 1356
1406 2580
271 2857
564 935
764 1640
1099 3239
402 1151
0 568
2137 5595
2494 5289
2678 4244
1137 5221
314 3559
1212 1357
2392 2559
5901 5901
1352 1678
131 279
1137 5449
1172 3583
764 2812
4148 4148
271 2891
2657 3926
2668 2811
1137 1687
3187 4603
271 5012
769 1640
0 1079
1553 3168
271 3019
1011 2701
3013 3013
116 564
3273 3330
1263 1580
1901 4164
271 5592
356 1667
143 1358
1348 2823
40 5815
302 354
365 5817
271 5471
1008 2742
399 1566
2022 4050
271 5668
0 3618
271 5567
271 1780
3034 3435
608 4149
0 2150
1067 2129
1352 2512
271 2358
365 683
271 3430
940 950
271 5342
2392 5184
1025 1029
1671 1689
890 2056
279 474
81 2143
2844 3565
271 2186
342 694
2018 2018
1745 5487
1136 1256
1591 1606
1137 3619
976 4100
143 2439
1137 5061
1108 1562
1137 2597
905 905
1469 2863
1019 2991
3918 4019
1007 3720
72 3053
1130 1137
0 3090
1137 1259
1130 3565
3849 4032
75 610
81 2299
1406 3105
0 4342
2911 2911
138 863
909 4998
271 1758
912 5229
271 5167
743 5535
2430 2430
891 4100
365 3066
659 1119
1472 2085
365 5381
564 5229
271 5253
1900 4187
2476 3437
783 5734
3138 5778
2474 4979
1893 2639
2891 5608
680 1137
365 3584
834 4106
610 1343
3241 4634
314 5549
2888 2888
407 3154
2063 4104
1524 4093
271 3038
859 5684
913 913
271 3665
344 4067
785 5476
3235 3235
271 272
271 2592
3929 3929
1035 2709
2668 4410
365 5731
1008 2632
356 3383
1031 1942
326 3645
271 2362
3876 5499
2778 4061
331 2468
1137 3410
2079 2224
1406 2520
888 2468
1210 1422
564 1457
135 2384
564 5542
271 1268
564 5768
1547 5679
1137 2182
4356 4356
0 1693
3792 4098
2510 2849
764 1685
1764 5256
3243 3243
695 1884
0 5412
271 1183
1136 4586
271 596
279 1829
272 4172
572 591
523 541
365 1560
783 5878
358 5163
957 4025
2085 2665
783 3702
379 4319
365 689
1137 5349
272 1921
271 5088
1137 5417
1137 1350
1137 4100
322 2217
5256 5256
769 1647
4037 4037
1070 1318
783 3463
3189 3260
564 3099
143 1764
3297 4577
365 5902
376 4039
2180 5365
236 365
564 785
783 5072
271 5655
1006 1942
365 2413
783 2283
610 610
868 5097
1782 5954
1392 1392
1661 3210
1441 1602
0 2468
743 3145
119 130
2701 2701
143 1115
1137 2429
271 2304
4024 4234
2114 2891
583 4917
868 3184
2706 3886
271 2145
271 5973
385 3274
138 1541
257 281
365 510
271 5855
143 914
5267 5267
1101 3607
3187 3260
1524 2739
3517 5460
365 3232
2698 4312
1137 2467
2114 3603
365 1218
2392 5696
365 2265
1573 1591
143 1969
2414 2414
2088 3013
365 3471
1874 2771
0 1240
2022 4156
2080 2468
3274 3274
53 912
584 1171
2638 3959
868 1137
2392 5425
591 1024
572 3866
2120 2120
1900 2691
1335 5585
233 343
988 3860
271 3015
2022 3976
322 325
2479 2891
0 236
747 769
1352 2815
4041 5499
2085 2410
2022 3951
1585 1585
1137 1452
1212 3634
1033 1033
564 568
0 2178
1235 1609
485 636
783 4988
1137 2987
2459 2459
271 3497
2125 5865
749 761
271 5420
0 4969
772 788
271 3401
1329 1329
271 5310
1137 5998
3508 5363
2017 3981
400 527
365 3853
5329 5329
564 5835
783 5657
833 912
1137 2399
271 2327
2392 2969
1137 3355
407 951
223 4305
77 1929
382 4299
159 169
271 2954
1137 3622
2706 3747
992 2651
783 5460
2683 2683
549 551
2043 3994
957 1902
1406 2979
271 764
378 988
1137 5234
138 568
1137 2258
1137 4930
1634 1635
116 1549
1208 2474
666 1782
2125 3397
1487 2395
3768 3768
3950 3950
1421 3071
995 3712
1137 5448
2679 4307
1108 4911
2861 2861
271 867
3506 5879
2150 2349
1160 1247
272 3898
747 1137
1137 2892
271 3120
700 3974
1621 1635
271 5032
4096 4098
980 980
922 1137
1900 2790
0 890
2085 3043
1137 1791
365 5933
3211 3211
1137 5497
1668 3187
2382 2382
1700 1700
377 4312
3513 3596
564 2960
4059 4059
1137 5740
3882 3882
1235 1793
324 5859
241 5305
138 2614
271 5448
269 2085
2468 2601
271 3429
81 840
2889 2889
868 2884
93 3845
365 5185
2891 3060
1137 5903
988 1915
76 257
365 1825
366 4037
2392 2907
365 574
365 5076
4013 4013
1008 4381
992 2774
1406 2430
1877 4342
1137 3618
2478 2861
783 1750
138 601
2748 2748
3913 4261
1005 4097
2648 2648
1130 5499
272 4301
957 3885
277 1489
539 3001
1099 3322
2022 3896
272 4282
1406 5452
764 3076
91 279
3748 4022
365 2230
3218 5257
377 988
1406 5570
2082 2919
2272 2363
272 4059
365 3065
564 793
1551 3053
1790 2088
3875 5177
2003 3832
5013 5069
1553 2144
3367 3367
1268 3017
523 568
272 3921
4234 4325
1137 2903
4196 4196
2786 2786
5205 5205
783 5202
923 2649
3 5815
1031 2665
238 3389
1137 3045
2392 5574
1252 1779
2104 5783
957 2627
1704 4557
783 5129
1897 2753
271 271
2384 2956
1131 4919
1067 6001
1137 3991
2437 2437
529 2468
271 2490
155 409
2476 5211
1667 1667
800 903
1356 3996
2022 3827
190 636
271 5366
3866 4325
5054 5094
417 2988
4141 5569
5392 5392
890 1942
138 680
271 5968
263 263
659 2907
1130 5382
1008 3866
81 1551
264 285
1635 1641
377 2613
271 1251
365 3193
2023 2023
563 565
2125 2547
279 1828
608 1904
1614 3250
683 3535
0 5496
2389 5608
518 2307
1137 5416
3863 4132
807 2632
2554 2554
0 1137
379 4086
988 4380
747 2261
365 924
2309 5352
2365 5102
0 5317
985 2041
271 2993
2783 2786
271 5063
2161 3127
2697 2748
2085 5796
995 4321
783 5331
1900 2737
912 1138
1137 3042
271 3691
224 4125
747 1633
271 5654
5350 5350
572 3950
2022 4073
358 3666
271 275
3880 4006
2114 5579
271 3495
680 2442
271 5415
81 5529
2636 4056
1099 4578
1035 2692
271 5305
868 4894
1130 2955
3187 3285
271 2388
138 1268
271 1525
1137 5934
988 2077
3374 4591
271 2303
365 5121
1815 3105
846 3693
1782 5796
271 2933
572 1003
1317 5328
764 2468
1553 2976
5120 5120
3565 5614
1782 5384
2987 2987
271 5854
271 1211
5054 5054
1160 3426
683 1767
1101 3608
271 5739
1928 1936
1404 1635
271 3473
1137 1237
909 2137
1079 5718
1900 4037
5391 5391
356 4669
5053 5053
584 1170
1894 4157
3978 5094
271 5112
331 2821
273 1584
2709 4065
1335 5584
0 143
747 3219
2177 5500
365 3516
2019 4210
365 5926
0 785
1978 2045
1048 2748
638 5226
372 591
1137 3515
72 2492
3273 4573
2779 3832
271 5561
988 4020
365 1114
271 2234
749 762
271 5445
55 2988
1357 3387
312 313
5065 5171
365 1060
1406 3418
783 5616
365 1656
1136 1137
143 5496
271 2416
827 831
564 2248
1137 2398
271 2326
1139 3021
1707 3196
3408 3408
271 5907
77 1928
1137 2332
1166 1947
764 1137
271 5790
2088 5652
120 121
912 5541
41 5045
365 1243
143 271
1130 3604
526 543
2085 5155
271 1815
116 1550
3877 3877
761 764
365 3140
46 1607
783 1167
747 1492
2490 2490
793 912
834 2716
356 3379
848 2145
912 2261
599 1137
2392 5909
378 3968
365 3662
1884 1884
572 3983
2876 3001
2612 3765
108 2517
365 3652
1137 2891
783 5478
2114 4597
1095 5065
4096 4097
1108 2850
1477 3083
2088 5030
521 3754
1010 4322
1900 4426
1011 3818
3693 3693
633 1137
2043 2703
583 1130
2700 3900
358 1137
271 5469
1008 2024
912 1381
2022 4052
365 5703
2007 3891
783 5054
271 5565
1137 5739
577 3053
365 2286
1235 4584
271 2238
271 5447
1008 1901
1090 1115
271 2356
2088 5991
271 2202
2611 2709
81 5816
1942 1988
905 2575
236 564
1148 2085
365 1981
62 5846
46 913
2085 5483
365 5079
1058 1058
1406 2556
271 5936
523 1553
1909 3724
3187 3240
404 523
2758 2795
2022 4225
764 1664
4348 4348
1893 1960
5375 5572
2085 6053
1130 2607
1137 2521
236 591
564 5350
762 1626
2614 3855
385 1987
273 4575
257 2988
5265 5265
1137 5191
2870 2870
365 1507
808 4113
271 5187
1356 2780
785 3527
2891 5519
293 1008
365 712
365 5404
980 3795
970 5499
288 611
2620 2620
271 5142
1359 2903
1421 5813
143 747
747 3231
1235 3250
2642 4236
1352 3007
271 825
996 1047
912 2125
271 1902
2389 2510
2 81
0 5263
1137 4958
236 1137
912 2114
365 5855
279 855
2545 2627
783 5130
1035 1909
1050 1050
3889 4228
271 3471
2322 5724
896 3706
271 5383
257 912
1256 4545
3218 3218
3794 4248
365 2921
271 2386
957 2703
2085 2341
365 2826
279 447
1137 3409
1942 3792
3858 3858
2223 2510
1895 4181
1067 2250
988 1942
2468 4261
1137 2371
271 2906
2286 5423
365 576
273 1530
271 5967
271 1266
1137 2309
1137 3596
868 1738
138 2310
1343 5677
747 2474
407 1058
747 1618
365 1209
200 279
365 5663
564 1024
996 4302
2645 3947
1237 2412
1371 3253
1251 1357
359 1137
1160 3174
358 365
2254 2414
1100 2414
4310 4313
1704 4644
3832 4058
783 3698
3333 3333
2272 2304
1137 2921
3041 5188
93 1137
3876 3913
890 3611
1871 4386
749 764
1137 2842
271 3518
1137 1635
365 1381
572 4300
1760 2478
591 617
5094 5137
1061 1137
279 1825
358 5559
377 4323
2085 5278
988 4121
747 1944
857 4555
2452 2452
143 1236
1424 1424
1035 1883
1406 2144
270 564
5496 5496
410 1826
18 145
271 2493
1782 3549
1137 3166
93 5435
1791 1791
1059 2085
369 1137
279 416
1782 3673
32 143
1343 2551
271 1467
0 599
401 523
366 4133
271 1505
912 2903
69 825
3187 3199
1406 5789
93 382
572 572
2474 2891
1589 3292
833 836
40 1137
2709 4356
2872 5251
3780 4081
783 5929
868 912
81 1137
896 1352
1979 4217
1749 1749
1587 1723
542 1203
2891 5664
3273 3292
1137 3734
3320 3320
271 5111
1137 5392
244 365
564 3330
912 1553
564 591
358 400
783 3574
271 5007
4283 4283
1745 5268
138 272
365 868
271 4912
747 775
834 4008
5391 5673
1012 3712
844 1591
1745 5729
1896 3897
2548 3034
271 1870
680 2581
271 1112
2088 2298
1147 1147
564 564
1136 1693
1051 2520
365 5698
1585 1698
2261 2468
1370 4560
271 2439
1980 4199
888 2616
169 285
271 2459
365 2971
2769 3711
93 3727
777 1919
238 5839
271 5336
1137 6003
356 3199
1335 2960
957 4212
2033 3721
134 279
313 2382
271 2953
2960 2960
1670 1670
988 2816
1183 1268
1108 3543
120 120
1259 1779
572 2655
344 995
1137 2257
365 4989
271 5765
2158 2158
138 1081
1137 5219
302 2635
1602 2145
1137 5136
747 835
4227 4227
0 5886
622 808
2266 2266
60 60
2392 5912
1013 3798
1137 1365
2044 4353
0 1112
797 4293
1386 1587
145 747
2244 2244
1137 1692
680 2836
1137 5267
2109 2109
365 2589
1891 2678
1137 3152
551 2633
598 912
1406 5149
271 3637
2114 2581
2276 2468
2727 3948
1745 5726
1160 2436
2043 2630
1343 5994
2160 2506
1900 1951
3074 5220
365 1136
4020 4020
365 2288
1008 1942
3855 3855
985 2652
271 3520
541 2163
3239 3239
564 1550
365 5656
846 918
331 1035
1147 2089
365 680
3513 5156
2412 2412
271 5340
185 279
1008 4112
365 2903
81 5815
3592 3592
1137 3411
1901 3898
551 735
988 1921
2468 4198
2435 2468
1035 4096
1352 3521
625 3740
788 1635
1539 1711
1108 2343
857 1727
2320 5991
673 909
2476 4951
143 2437
783 5434
1902 4200
730 950
912 5580
2157 5507
801 3705
783 3175
383 2510
988 1437
745 841
143 3727
1388 4040
1536 2392
138 564
864 3764
4555 4555
1382 1729
1137 1257
1659 3345
792 1612
2676 4092
834 1942
1335 3647
385 4189
3513 5799
783 5806
2903 4633
2132 2132
1421 5785
365 3060
2539 2891
271 3156
583 2238
3273 3325
77 2634
575 2027
381 2125
1137 2941
1883 1942
764 764
749 1653
1704 3236
365 2085
114 3856
1015 2658
1137 2861
0 2457
1137 5661
1497 2478
2276 2276
1921 4333
572 3720
2392 3099
833 2891
1942 2692
5801 5801
300 551
1010 1888
783 3418
1137 2216
402 1075
356 1672
107 3682
912 1397
1010 2051
365 5739
379 3929
1873 1873
1035 1908
271 2590
93 143
1008 2635
113 279
271 2488
2921 2921
912 3727
0 27
971 3832
271 2385
0 3454
1406 2354
795 1072
3883 3964
2928 5699
564 2254
2577 5424
572 1008
595 907
2655 2655
1081 1904
365 5002
1137 5036
271 5848
912 5613
365 747
747 1617
1137 2089
564 1944
400 856
1024 1942
1137 2494
783 3108
376 2684
1043 2022
1137 2232
0 1325
541 541
2088 2884
1406 3844
2468 3832
641 982
138 912
1137 2717
2392 2523
2639 4246
1137 5083
642 1130
2007 2759
1013 2043
697 1137
257 523
1872 3784
636 854
408 523
564 4942
143 2237
523 564
1137 4013
279 562
523 1352
2560 2891
271 2037
2437 5522
1137 5657
272 3793
3613 3614
271 4962
591 618
365 2518
912 1137
1268 2254
1137 5890
857 1669
271 5531
0 3665
0 85
564 1541
271 3396
365 1051
271 5303
279 294
365 2941
913 1665
1320 2160
5684 5850
271 2301
1370 1691
681 1137
1343 2468
3324 3324
859 3389
271 4195
271 2833
3811 3811
3714 4040
764 1621
1745 3526
143 912
2057 2618
271 2729
2125 5852
2891 3309
1739 5256
572 2674
1136 4548
1137 3567
1137 5228
792 3299
2835 3166
3832 4003
1406 2170
1137 2774
93 988
2346 2891
272 4095
409 1070
700 3745
2063 2063
271 5217
1243 5491
1467 1467
365 3025
2700 4138
271 3207
913 3341
1137 5391
1268 3690
1137 1343
365 3643
271 3114
890 1049
1137 1695
271 905
1704 3195
912 5857
365 3528
1379 1379
365 1399
1137 5625
2631 2631
747 774
2614 2614
1137 3103
1541 2903
107 5865
1901 4157
99 1316
1067 5349
2007 3771
2852 5084
998 3788
271 3608
783 4983
93 523
2662 2706
783 4930
2085 2559
2125 4907
1928 1937
783 5611
271 5335
1530 1530
366 3978
608 4299
1130 6005
2286 2286
988 1894
912 1352
0 1777
958 2468
107 564
312 2533
3886 3886
4123 5499
81 1407
2088 5740
1137 3627
2478 2891
1708 3360
143 2516
1768 1768
568 1137
1031 4014
271 2854
271 3452
2150 5954
700 858
0 3156
399 544
730 940
271 1811
306 2561
2752 2891
819 5065
1137 1445
365 4925
1082 3240
23 81
845 1137
3876 4218
3720 3814
3006 3557
2341 3669
271 1754
1421 3149
1900 4063
263 1245
912 925
325 2516
356 3377
2709 2812
683 1137
750 910
2063 2663
288 744
1137 1324
957 4308
2715 2715
2474 3273
1590 1597
2348 2348
912 3613
2690 4074
365 1420
507 2050
372 4265
271 3636
143 3004
971 1071
365 2470
1251 5508
507 572
2891 3179
365 2370
271 5267
1140 3041
2437 2474
783 2981
271 3519
3021 3021
1602 3327
0 4954
1558 1558
271 2355
1370 1608
2729 2729
3673 3673
1137 3416
551 734
1930 1941
356 3273
271 5240
1745 5468
1137 4647
0 3408
271 2089
575 2762
1499 1499
2234 2501
271 2974
271 2403
1650 3222
1963 1963
271 5821
271 1530
2545 2545
1921 3792
154 2516
1137 5969
1137 1425
912 2614
138 565
625 4337
576 1544
273 3274
2015 4072
0 2991
608 1883
3187 3382
1335 3646
1990 1990
348 1008
272 668
271 576
272 2818
412 1984
271 3155
1683 1685
1782 4982
1137 1358
783 3539
1137 5342
1529 5591
1745 2881
365 3580
2468 2891
797 4085
271 3142
0 2456
1032 1032
2173 2392
365 3492
783 5209
271 4936
271 833
5916 5916
2145 3186
600 974
279 1375
0 2341
2474 3542
115 115
93 146
135 5538
233 271
611 5499
1137 3167
0 26
1530 3361
1728 3182
366 3874
976 1357
1726 3187
912 2343
271 5365
785 2024
1635 5321
93 1193
0 3398
564 2255
1411 2323
3182 3187
1137 2369
1988 2013
783 2698
2056 2056
1137 3680
365 5101
572 1011
241 5653
1085 2749
2107 5103
993 1048
271 2976
1632 3227
2784 3792
1137 2581
3792 4075
1137 2088
1274 1274
2712 3985
0 523
2786 4278
1008 1048
271 1739
363 582
1353 5008
1031 4326
925 2474
785 912
271 5189
835 1610
572 2053
54 365
402 3073
2392 3040
2392 5863
622 3768
272 1925
2443 2891
3187 3187
764 3349
403 2384
271 3086
365 2108
1137 2840
236 279
271 5061
272 3794
912 5817
890 890
1137 1812
373 2988
912 5703
277 1320
3252 4583
1137 3028
564 1268
2468 5579
820 2965
272 975
271 2536
857 4556
4552 4552
1040 4341
1035 1881
3217 3217
4014 4108
365 1113
1764 2892
783 2150
2125 4898
271 2491
1370 3184
1011 4246
996 2021
1016 2788
365 5250
2545 4965
81 3290
4340 4340
1137 2433
271 2300
2058 2058
365 5001
608 1562
2088 5762
1137 3653
3832 3840
888 3868
138 628
1137 5012
1547 3453
3138 4998
1137 2552
120 2125
1779 1779
2707 3821
271 1155
572 2692
1136 4547
0 3630
5342 5928
1348 2419
2088 5296
2632 2713
1137 1566
4594 4594
2836 2836
651 3981
344 3740
1137 1480
1043 1043
2474 3181
365 2125
365 3642
271 3113
1872 2614
1137 1699
2891 3464
2474 3268
797 4036
365 2552
272 3710
2384 2389
72 3581
3984 3984
358 5410
783 5255
377 4208
1013 2820
1239 2828
271 1110
0 5133
271 3607
35 5815
365 1130
365 5694
1137 3507
138 698
2836 3130
2654 4175
2455 2455
2254 3678
651 1020
3736 4197
271 5334
912 2310
2665 2665
271 2182
783 5653
143 3517
279 425
2045 3907
1137 2403
2118 2118
271 2085
77 1933
2709 2772
1591 1599
365 546
1406 2573
143 241
271 1320
958 3832
59 912
777 2019
1382 1382
2474 2836
1901 4034
3727 3727
2085 5216
1323 2474
402 1429
1137 2260
271 5763
919 2478
271 680
3420 5336
0 3010
2433 2891
1544 2891
5702 5702
365 3033
271 572
1888 2618
951 951
1137 5451
1352 3778
1136 3249
3947 4048
2222 2222
591 2286
349 1969
272 3871
2609 2609
1325 2891
2891 3517
636 658
487 636
271 1487
271 4932
1137 5600
272 1031
5633 5658
1010 1966
2104 3472
1591 3232
1012 3790
365 2472
49 743
1137 3004
1061 1108
3822 3822
0 2283
910 910
676 1357
271 5495
138 2988
271 2563
1704 4674
1137 5743
2177 5413
783 2982
138 1352
896 896
1160 2600
271 976
1406 5777
272 349
2012 3720
868 2891
93 2301
271 5338
1672 3187
958 4193
379 379
1618 1654
1160 2118
0 1883
271 1553
1048 3743
1725 2468
2468 5211
272 272
271 2345
365 5072
1346 4547
271 2088
1587 2145
291 1984
271 2973
271 1445
271 1335
107 143
2392 2413
1211 1211
271 1383
365 1271
271 783
3736 3736
1438 1438
1022 3857
1942 4042
1137 2240
2318 2844
957 3805
46 2891
2365 2891
2733 4368
689 2891
2160 2160
1893 2623
1335 3649
0 1544
2125 2458
758 1635
783 1882
3068 3068
568 725
1137 2648
271 3154
62 5232
764 1641
564 850
747 1397
271 5166
1137 5517
3778 3778
5499 5499
378 2722
2384 2384
132 145
1030 3781
2845 2845
115 2928
1733 4589
271 794
2650 3886
747 1629
356 1670
349 1035
365 2409
689 5142
1406 5230
2018 4003
912 2548
379 1989
365 5741
271 5499
2125 5021
1035 1892
2286 5780
2415 2478
859 4908
271 2486
1035 4337
365 1093
271 2256
0 25
1782 6020
0 783
4275 4275
1600 4590
271 933
5182 5182
279 450
2085 2313
1984 4354
241 5506
1733 3313
1246 2384
3340 3344
365 586
2776 4153
958 4405
120 1137
2979 3609
225 2988
2004 2004
2891 5966
3241 4636
358 1185
365 4902
747 1621
764 1683
1108 1591
1716 3187
3826 3826
1764 3565
124 134
0 3152
355 2254
2334 2334
271 2558
1264 1670
93 5214
133 133
365 3096
2468 3772
1031 4327
572 2056
1006 2726
365 3004
1160 3119
5522 5522
271 5083
529 4341
272 2699
271 3085
1351 1792
2422 2422
2384 5057
1137 5310
636 816
365 2107
523 1358
2891 5323
3050 4993
521 523
143 1268
357 358
523 2614
365 1382
797 3984
271 3688
5954 5954
1011 3779
272 976
345 2672
271 2535
356 4573
672 2392
1040 4329
358 3669
0 2121
1764 2891
2891 3080
2125 4899
271 3394
3285 3311
271 5301
279 292
801 801
1090 1090
2557 5568
2468 2606
4569 4569
783 5635
241 271
864 4290
1745 3610
591 783
271 4305
507 808
1122 5261
564 3566
909 3138
1893 4292
2709 4388
138 2286
358 1740
271 1209
912 1883
2737 2737
551 552
2811 3966
2085 2128
2323 2323
1764 2082
3264 3264
1811 2891
165 279
1137 5227
2412 3074
1348 2420
584 5901
0 1528
4170 4261
1137 3832
3229 3229
2891 3494
279 1862
1137 5461
575 1984
1137 2965
2891 5564
783 3676
1137 1479
907 5784
81 635
81 5205
3185 3290
1137 3386
1745 5626
2098 3546
0 1093
2114 5099
138 271
365 867
2891 3386
238 827
1764 5919
1137 1797
3707 4271
2809 4040
680 2585
783 5146
1343 2887
673 1212
271 3606
783 1469
1359 1359
3794 3980
2929 2929
148 1551
2085 3404
0 5025
271 3514
834 909
1160 2533
271 5442
3087 3087
2988 3421
271 2519
1137 3510
271 3422
271 5333
1602 3183
400 523
271 2413
566 2891
955 2816
0 1782
2891 3660
77 1932
30 2085
271 1319
912 5662
990 2314
2468 4938
2088 3060
1320 5503
1947 4301
5489 5489
1356 2615
1137 4932
2145 2145
271 1812
2237 2917
624 1008
2468 4107
2474 4895
5508 5508
785 5263
3273 3320
2114 3012
271 5877
1137 2964
608 5094
271 5136
769 3224
2123 5260
747 3449
1060 1060
2108 5709
271 5029
271 917
2063 3749
747 2125
857 3307
914 4266
272 3732
272 507
1901 4166
271 824
143 1352
1348 2824
1677 1704
1137 2531
2409 5662
583 3470
513 523
4940 4940
608 677
2125 3164
912 1081
143 3541
271 5379
1008 2699
958 4254
1357 1421
1335 5237
983 3839
271 2353
1942 2709
1815 3579
271 5337
2392 3491
279 464
1424 2392
1984 2468
1624 4598
272 273
4040 4167
1235 2474
2392 2945
3041 3047
279 329
271 358
271 2972
271 1444
564 5631
792 4586
1357 5683
271 1334
1024 2030
365 3306
2468 3728
365 1270
145 523
2085 2175
1356 2662
377 2756
3832 3868
1137 1260
385 1991
2700 3910
1591 1808
1900 3997
608 1881
1137 1202
1893 2624
1335 3648
271 5185
2468 2771
1421 3668
1006 4095
812 812
0 380
3083 5120
272 2675
1137 2945
1683 2468
365 5291
2384 5024
382 2059
331 347
1137 4040
4313 4317
844 844
0 276
2709 3792
365 3487
138 747
783 3389
1635 3210
2373 2373
379 2799
1352 2667
2085 2407
356 1669
2007 2702
2384 2904
271 5498
1008 2052
271 5193
271 3468
985 1023
238 365
271 2485
372 2706
62 3141
783 4969
1200 3004
2468 4575
271 2383
783 2868
154 324
912 2341
2468 4190
1137 4598
1942 2007
2275 2392
638 2262
356 3246
4159 4159
86 936
1782 5275
271 5963
2618 4056
365 4997
2700 4140
747 1024
1130 3463
138 1553
523 1383
912 2224
358 1184
747 1620
1646 1659
608 1138
3316 3316
1462 2125
1700 2468
523 1137
0 5896
271 5109
1048 1048
271 1556
1882 3907
2612 3783
279 1830
2227 2227
3556 3556
678 678
365 3001
0 5719
1019 4255
271 5082
807 2615
2175 2175
0 1139
93 2610
1136 3248
4126 4126
1357 2965
957 4152
783 3461
271 855
747 785
365 3510
575 896
758 3218
747 1325
365 1379
365 2446
1235 3248
1792 2891
2125 5319
240 2988
783 2577
1217 1371
405 523
68 81
2392 5055
271 2609
3210 3211
271 3491
611 679
271 5412
912 988
608 4194
271 3393
564 5689
1921 3988
0 2
1981 3475
1421 5019
1678 1678
657 1137
968 1933
1137 3385
5025 5025
1782 5369
2777 2777
1356 2445
143 1383
890 2722
143 2235
747 772
365 5961
138 627
764 1618
783 5273
3764 3764
4997 4997
572 575
1137 4940
1335 5981
271 1154
271 667
1137 2468
271 1797
3187 4543
2678 2719
2709 4210
1600 1600
641 4061
564 3476
363 3301
1406 2043
271 1741
2760 4590
651 2660
1624 3345
314 5003
1137 5460
608 2013
1925 4232
144 2395
2891 5575
1804 3588
110 143
365 3644
1883 1883
747 1648
365 1466
1137 5305
564 1777
365 2114
1252 1338
37 271
747 763
1698 3218
1137 3084
271 3630
271 5581
1432 1432
983 4130
19 143
1591 3192
1108 1325
365 1792
271 1108
271 3605
1235 1616
1130 5776
2389 2389
865 3952
224 2659
958 1942
271 5441
2125 4909
3001 5881
1602 3257
2748 3792
271 5332
988 2005
48 1330
271 2412
1343 2604
1009 2023
564 5833
48 263
81 357
143 953
271 2325
990 4197
2638 4159
572 980
77 1931
1591 1597
1137 3630
1319 1319
3273 4569
3241 3273
2218 5572
687 3648
1099 3232
325 2285
1192 5368
509 509
81 940
954 987
74 116
1764 3541
0 3008
1137 5222
834 1926
3207 3288
3832 4026
2774 4221
3736 4025
912 4657
1764 4226
271 5243
783 5716
377 6009
680 5958
2891 5540
2058 2468
271 5135
257 564
564 598
1871 2468
107 5712
3687 5823
365 1688
2392 5636
271 3657
783 5221
365 2468
93 3104
783 2293
29 2988
1137 1749
365 5836
2933 5400
365 2371
568 912
385 896
1036 1036
747 3130
356 4537
2022 4122
1190 1213
271 1067
0 833
271 5207
271 2460
138 1358
1137 3195
271 3516
143 358
271 5467
783 2891
241 241
271 3425
2085 2437
988 2028
628 4171
1942 3772
827 827
991 2737
223 1137
2144 2144
572 967
271 2087
783 5404
988 2756
990 4308
147 610
271 1443
583 2896
1137 5067
2636 2643
2268 2268
0 1359
93 365
1236 2085
1183 1183
590 1192
271 2784
138 1051
271 1785
1656 1656
2474 2937
30 81
1137 1379
272 4183
988 4188
609 808
271 1561
2068 2668
608 1972
285 423
1218 3014
4120 4120
1137 2927
1811 1972
365 3684
1406 1740
762 3218
1406 1757
747 2224
1137 1665
271 2031
271 5055
271 847
3573 3573
572 777
3354 3354
1149 1192
271 4956
2125 5593
365 2511
590 912
755 771
138 224
1335 5046
912 3541
1343 1343
2 143
143 6026
365 3378
0 257
2145 3187
271 1138
988 3983
271 3467
365 1100
413 1782
1013 2675
1312 3593
1357 2878
2891 3512
1421 2468
2793 3972
271 2254
271 5265
1335 5253
1421 5037
996 2025
2828 5320
1079 4936
783 5664
2654 2808
2468 4189
365 2837
1137 4597
1431 3593
2147 2891
271 1567
577 2828
747 1130
2891 2964
3241 3330
271 1501
572 1024
365 1365
271 2115
271 5962
271 1264
2468 4313
2128 3004
3218 5596
271 1461
1137 5039
272 700
271 5846
808 884
138 1137
116 2144
1984 3810
1704 2891
1137 2497
2631 2632
365 1213
272 1352
2474 3023
783 2602
998 2765
238 2957
272 2048
1137 5169
1184 2260
4141 4316
2019 2019
279 1832
271 5210
2709 4255
1078 2238
564 5257
1882 1882
923 2022
54 2336
1969 4038
1312 1312
271 4979
365 2109
0 1051
1137 2845
271 1765
236 281
1425 2423
1406 5088
365 5895
271 4959
1137 5539
2478 2934
912 1135
1327 5020
271 3686
868 1264
1130 1815
356 4571
271 3582
912 2478
4640 4640
1137 5777
1130 2846
1686 2114
271 2608
365 833
1524 3805
2868 2868
625 4067
271 5411
224 988
1177 1591
271 5299
1237 2891
2705 5499
66 81
1130 6028
564 2224
1553 3402
914 957
377 3850
271 2320
365 5136
236 523
1782 5370
1114 2254
5 302
572 997
783 5449
271 5993
754 910
1208 1208
271 1207
3043 3043
0 2912
279 2215
271 5759
708 1004
80 271
1539 2468
365 1216
1137 5231
271 1193
783 5966
550 551
2636 4229
1159 3041
1406 3750
1704 3362
1872 3855
314 3437
2004 2623
2711 4040
365 3640
271 3110
0 2608
271 5004
389 551
46 1223
2845 2891
2254 3607
358 5301
133 3001
1011 2719
271 856
747 762
365 2550
749 3333
365 3454
1137 3083
912 2079
235 565
579 2437
271 5455
2085 2418
0 5112
1009 1015
5123 5123
958 2014
271 5680
1008 2821
608 1811
895 5177
356 4561
2668 4213
890 4072
3763 4170
2059 2614
339 341
1689 1692
3067 3067
1775 2088
680 4911
564 1153
365 1081
3849 4338
2847 2847
783 4100
365 2970
832 3947
1335 2894
1130 5908
3273 3273
271 5331
1136 1136
145 365
26 271
2789 2789
271 2324
1343 2479
785 6029
100 635
1735 3182
0 591
77 1938
1137 2333
1591 1596
271 5410
1235 2226
409 537
4401 4402
271 5814
2468 3947
1137 2605
250 279
4278 4278
0 3158
769 788
1137 2530
241 936
2341 5493
1137 2263
2678 4274
0 1335
1944 4084
955 956
365 5605
762 1732
728 5504
2872 3451
1405 1405
1137 1553
302 1942
2392 3674
783 3621
2125 2483
912 3186
1137 5455
2365 2365
271 2317
3872 5177
365 1479
1571 3269
1265 5075
385 599
271 5027
1153 2088
1735 1735
271 4930
331 349
1137 3080
271 3656
1547 5269
4201 5391
1137 5505
1041 1357
1137 1268
271 5492
912 1051
1961 4056
0 2474
890 4042
365 1133
324 1110
2007 3897
1008 2708
912 5247
365 910
565 963
2731 4220
271 2251
365 1721
1137 6068
1011 4394
1352 3026
2063 2468
608 1352
651 961
564 1397
238 319
352 1792
564 1433
3074 3526
729 1984
2733 3999
2005 3756
1137 1893
576 1768
2758 2758
271 2971
1710 3242
680 3018
680 5801
783 5333
0 6010
138 591
3229 3353
1998 1998
69 1316
1137 1201
564 3523
1137 2748
783 3067
138 629
2891 5317
81 120
1900 4090
523 680
2668 3710
1524 1764
3288 7709
168 279
378 3883
3242 3242
1704 3235
135 3667
2125 2157
271 846
272 3800
1894 2468
1357 4107
2407 3693
2565 2891
2125 2254
1886 1959
81 145
1356 3597
62 745
279 684
917 2168
1010 1889
783 5100
271 5644
1137 5473
2679 3751
2478 6021
783 2308
260 260
1745 2748
1553 2374
785 2875
271 2587
271 3466
2085 2349
365 1099
2137 4998
917 917
783 5655
365 1090
271 5264
857 4543
279 428
868 2827
783 5672
271 5363
2137 5077
2474 3429
87 2085
279 443
365 5203
1137 1959
1618 1618
2618 3941
107 591
271 1500
271 2114
1357 2471
783 5372
143 1024
2125 2861
1635 1635
1235 4551
903 960
1902 1902
2145 2589
1444 1444
2318 5313
1591 3254
116 712
601 3889
2632 2634
975 3726
1136 1612
400 1130
625 1977
1137 5086
1745 2276
4034 4304
3832 4045
1889 2636
3825 3825
3888 3947
271 3083
564 4940
365 915
366 1137
2392 5309
1764 5341
2786 3965
1972 2019
271 4958
1006 2012
1356 3863
1101 5554
1235 1675
405 1084
1587 1730
272 979
0 849
385 864
2468 2748
271 3581
0 2324
773 3210
228 2330
2392 3159
3041 3453
680 3397
2169 2169
0 80
1137 5689
5233 5233
271 3391
3983 3983
584 5569
3845 3846
271 5298
356 3204
272 331
271 2407
271 1532
1370 1370
5136 5136
365 2840
1782 3405
1212 2893
787 1090
271 5899
112 279
591 785
5506 5506
1008 1008
1490 3313
271 5992
568 568
107 107
365 5020
764 1619
1100 1100
143 2085
227 887
3333 3339
912 2692
1137 2266
271 5758
1356 3074
1574 1574
5579 5579
1431 1779
792 3302
1589 1727
138 1008
365 5480
0 3060
1137 5148
764 3339
1406 5624
2254 2836
2392 2452
2007 3792
365 3024
1010 1019
747 3359
2125 2181
1011 4101
272 625
138 833
3074 5760
0 5291
271 3012
1235 3304
143 564
396 523
271 4111
2510 5024
271 3629
526 1488
1160 2876
783 5252
608 1768
0 917
680 5523
988 4059
2232 2232
2750 4083
844 1698
1745 1745
271 3603
857 4580
271 5556
1035 1960
271 2455
271 3513
700 1022
996 2782
2125 4963
4427 5499
1906 3833
572 4159
271 3419
1356 2216
271 5330
912 4905
2478 5053
1235 1759
747 1138
2700 3975
271 2323
3613 3613
271 2083
680 1236
271 2952
271 1439
912 2836
324 2172
1615 1615
1137 1591
349 1008
1137 3552
5021 5021
572 2618
0 6028
1177 3323
1137 2529
564 5364
762 1645
271 1169
1137 2449
258 1158
365 5604
365 2219
1674 1727
2392 3403
2392 2557
1008 3968
1137 5121
2794 2794
5333 5548
81 2516
912 3130
1352 3780
2272 2272
957 4277
260 1600
749 910
2891 3552
1137 1673
1773 5094
143 1320
785 2569
912 5883
1745 5304
138 257
69 2113
2938 5508
1137 5603
2165 4960
1891 2668
1137 3079
1010 1957
4577 4577
81 2936
1764 2342
1335 1338
0 904
3822 3977
365 795
2005 2696
401 5089
90 1137
365 2365
3273 4596
0 3631
1079 5571
3986 4117
1137 2994
675 2286
2474 5914
839 1683
912 2433
4342 4344
783 4912
2891 3122
1659 3214
263 912
676 676
1406 5779
764 2606
1137 3491
365 2901
2145 4577
1137 3418
365 5180
564 1434
1137 2382
3349 3349
912 4904
1137 3600
792 4587
2255 2255
272 4402
572 2808
365 2502
365 1268
2891 5690
783 5334
584 1361
365 5652
680 3164
365 1257
1137 4915
0 1319
365 2223
1130 3665
3618 3618
2891 5592
783 3068
913 3213
271 1768
1137 5117
2392 5965
783 5804
1108 2614
783 3691
611 4109
572 1881
272 2678
2468 3257
564 4954
2205 2988
271 1757
834 4087
2863 2863
857 3270
143 1335
1137 3135
271 3055
0 868
3047 3047
2242 2242
5013 5094
1904 1988
271 5643
1137 5472
1137 4185
1745 1762
2785 3765
3870 4030
564 1335
271 1137
2618 2706
365 5439
271 2586
2891 4999
138 143
143 2836
1571 1591
1137 5719
2891 3195
365 2307
145 1137
143 1065
1942 2024
365 5217
337 611
271 942
376 1010
279 442
365 591
5340 5851
365 584
2022 2625
271 5961
62 1137
659 5143
1110 4908
1553 5770
951 2113
1988 4326
2384 3550
2891 5949
263 2449
1925 1925
1782 2139
1139 1139
1872 1942
2631 2634
271 1791
5104 5104
365 2257
4378 5499
671 2622
1008 1035
1745 5035
2632 2635
3662 3662
365 1155
1137 5174
2453 5094
5324 5324
58 5205
568 2891
788 1427
764 767
2891 5490
81 2468
913 2545
271 5104
1881 2019
2891 5400
2101 2474
1624 1624
769 3215
3377 3377
568 778
769 1652
3212 3212
365 3600
651 671
3187 4554
564 5038
2125 5324
747 783
365 2545
747 3345
3196 3239
1942 2722
271 3685
1235 1712
3333 4545
271 5647
1574 1591
356 4569
271 3580
1350 2392
271 5526
1008 2689
3607 3607
271 2607
584 2141
271 5409
271 1096
1430 1430
584 4896
271 2514
783 2857
597 2384
143 1492
271 2406
1591 1593
81 369
1011 4155
912 5063
2630 3792
271 4898
3792 3996
365 5027
608 988
4040 4040
1196 3160
813 1137
0 564
2512 2537
1137 2555
523 2474
1544 2333
743 5316
2775 2775
1721 1721
1978 3847
1137 2471
783 3087
365 5603
0 3137
263 1330
271 1192
797 2626
2392 3418
909 912
93 5239
783 5968
2589 2589
589 2216
1878 1896
3273 3289
1029 1906
523 7663
1553 2397
5339 5626
958 2749
325 325
138 304
107 5731
378 3802
1081 2085
314 1110
572 3772
3252 4546
1137 3081
271 3628
1137 5514
1335 3002
1137 3008
1524 3820
1382 2145
1137 5864
3342 3342
138 697
1591 3274
1024 3926
2700 2700
271 2454
912 1777
977 4131
2392 4913
1942 2742
1702 4557
3221 3221
1008 4168
1163 1346
3973 3973
263 842
365 2877
271 2410
0 1904
365 5178
999 1006
1137 5913
762 3214
271 2322
0 1944
271 2951
2005 3792
564 5597
271 2161
3609 3609
3187 3207
958 3822
604 1172
2043 2043
365 4955
764 1642
1352 4046
1177 3324
365 2264
1137 1446
271 1410
2547 2547
138 572
271 5784
1978 3813
1553 3273
77 77
358 5737
1900 3989
4580 4580
272 4155
2468 3849
5238 5238
2107 5602
3288 4599
624 1024
365 727
868 1695
1553 2591
0 2665
2751 2793
564 5194
143 610
1320 3523
1137 2950
356 857
272 3880
365 3576
1137 4956
1137 2873
116 1268
272 3776
93 5872
356 1589
272 1035
365 2477
68 1816
2468 2655
4196 5499
344 4038
1137 1786
271 5611
1707 1707
1335 3025
2606 4919
647 739
2200 3002
271 5197
271 3463
1008 4319
0 93
2392 5016
1008 1947
531 689
1008 4227
238 5868
2418 2418
0 4950
989 2698
730 2085
1726 1726
114 808
564 2474
1508 2125
1673 4668
0 680
271 1346
2969 2969
224 572
271 5956
1067 2227
1406 3534
833 835
753 753
365 1267
399 511
990 1927
783 5335
3187 3296
271 1243
3801 4001
344 1008
1710 1710
365 1259
1702 1707
370 1137
143 1944
1137 1382
0 2988
1137 5197
403 523
93 2438
783 3069
3675 5015
2359 2392
365 1553
1042 1042
584 5436
271 3078
1137 5344
331 344
143 754
3871 3949
1624 1698
1343 5750
591 1038
2074 2780
2270 5397
271 3135
981 2002
124 2988
365 1782
365 2405
917 5049
1406 1424
579 3689
0 2343
0 136
271 5025
1900 1962
783 2089
383 1172
271 5405
1137 5718
77 1085
608 2100
1137 6047
1699 1699
0 759
279 426
518 523
1137 3467
3792 3811
564 5769
2186 2186
365 592
271 1566
2085 3453
1130 1567
5506 5515
271 2927
1137 3662
1875 1904
375 1798
2088 2127
18 81
3722 5499
1108 3572
4039 4039
3187 4642
271 1460
572 1437
4040 4328
271 2901
271 1462
379 923
4385 5569
1553 3330
2088 5399
271 1790
365 1211
2125 5767
1137 1242
988 4323
2618 4404
143 523
6 72
754 1098
833 2110
988 2654
271 712
1206 5002
0 1193
762 3612
1745 5518
3707 4157
365 3613
1137 2579
4231 5499
2637 3904
271 5001
1137 5312
365 2106
747 3212
271 2987
803 2618
783 1081
272 3796
747 3344
4193 4193
271 4978
729 1034
2468 2706
1235 1713
1137 1769
272 977
2063 3938
2377 3565
5344 5344
365 2339
272 385
5020 5020
2636 3819
1137 3227
3871 4373
2022 4103
3285 4599
2088 2255
365 2963
766 3209
351 611
1033 4322
1553 5651
143 379
305 2085
1011 4244
271 4357
1745 2216
1906 3759
507 874
271 1531
1366 1366
1137 2012
1764 2919
1649 1649
15 1050
924 2478
271 1481
271 5897
2084 3593
1008 1010
1199 2425
1137 3637
2736 2795
1478 2392
2107 5073
958 3842
5063 5534
1051 3695
764 1627
783 5285
1635 1655
1108 5919
1137 2264
1235 4548
784 1172
271 1822
81 953
676 3546
1104 1105
1357 5000
998 2618
608 794
1695 2468
783 5935
271 1191
72 148
1241 1241
3900 3900
1745 5058
2632 2632
758 1642
523 3517
1690 3375
1893 2678
3593 3686
0 1469
572 630
365 5465
3273 3286
314 2436
2036 2709
2700 4143
2468 3275
2104 2307
3832 4174
401 3481
697 1166
697 4391
1137 2826
3232 3232
747 767
0 5116
1815 5479
2257 2257
365 5692
0 798
2091 2091
271 3511
2614 4092
1024 3797
271 5438
1192 1407
312 3001
2584 2891
365 2872
1896 2804
271 5309
712 4927
356 3289
2349 2349
271 2321
912 2933
93 5646
77 1935
1044 4311
1137 2336
271 2950
410 1162
957 1981
259 611
271 5812
1921 3946
1137 4995
572 2620
1057 1177
2891 5812
365 5643
1659 1659
271 1810
1028 2022
1524 2705
3034 3107
871 872
358 2281
1211 1869
764 3220
584 3764
2751 4363
1137 1502
365 1529
0 1122
1137 1325
1379 2891
1137 2872
1136 3303
1137 1671
271 1999
365 1422
2173 2365
2953 2953
747 1335
231 365
143 1370
1079 2609
1137 3059
2636 3726
365 2465
1346 1759
1738 1738
834 3724
271 3553
522 523
785 5616
857 4540
138 2871
1008 2066
1018 4066
783 2321
5574 5574
365 5723
2919 5546
271 5038
3236 3236
3290 4648
834 1394
2392 5288
1871 2664
2744 4045
912 2334
1137 2052
271 5359
1137 5979
271 2276
890 3752
365 1909
887 1984
1051 2132
564 5502
224 3870
1959 1978
564 2286
2539 2539
