7716 1326
271 3608
2891 5949
591 1024
276 2392
5731 5731
2457 2891
833 834
1137 1804
1137 1406
2145 3186
1693 2891
143 2306
2125 2157
610 2091
564 1130
1054 1054
859 2891
3041 5188
392 551
93 1137
122 228
730 2914
271 314
1356 1421
2043 3994
1745 1745
0 236
133 2516
365 1343
3592 3592
257 2988
62 3445
0 3385
272 372
365 2474
1137 5342
564 5529
1159 3041
611 2713
2468 2891
0 2286
3187 3187
143 2928
1352 3521
4007 4007
58 5205
223 223
20 584
747 1137
143 145
2481 2891
564 2085
365 5156
81 840
572 957
81 394
365 1981
2085 3001
1877 4342
81 5045
81 2468
2085 2891
271 576
365 2928
1877 4348
747 2125
518 2742
912 3218
169 279
2007 2694
46 1223
914 4266
271 833
272 507
146 146
783 912
133 3001
143 1236
1607 3186
365 3600
236 279
271 824
529 2468
2043 3736
143 1352
2125 5690
912 3282
564 5038
572 611
2654 4175
523 1406
747 783
18 145
356 2145
93 146
271 3218
1008 1011
1782 3549
1901 1942
833 2104
1137 5323
271 1270
46 46
1137 2478
81 2306
233 271
611 5499
143 269
1137 1330
1137 2572
608 1872
608 1024
0 26
912 2286
2633 2635
34 81
223 4305
271 2889
81 546
308 365
72 143
2037 2037
1325 2891
912 3474
1050 2828
0 599
564 1792
179 279
378 2742
401 523
1137 2114
399 523
599 1406
1137 3670
584 2141
271 1528
2392 2444
302 608
2205 2988
271 599
81 87
608 2007
145 365
271 5489
572 1011
2891 4657
564 2114
808 2468
26 271
93 912
747 1352
572 4305
2647 2777
333 611
271 3187
572 572
564 868
81 269
271 358
2474 2891
81 369
365 2988
2828 2828
1008 1035
0 591
1108 2082
40 1137
5059 5059
988 1137
1035 2742
868 912
840 2260
1406 5499
365 1270
1008 2706
988 1942
145 523
1335 2891
5540 5540
1137 5422
1356 2662
1035 4060
1008 1048
272 1008
2891 5664
551 739
238 325
394 2928
2104 3330
988 2784
678 1764
0 564
93 138
610 5713
747 2114
925 2474
0 2143
2107 2107
608 1881
523 564
523 2474
1921 3946
272 914
54 365
783 1137
302 2468
912 925
564 1137
912 1553
365 1422
564 591
358 400
564 783
308 2516
1137 1553
344 4238
271 1192
2539 3521
0 890
3900 5177
302 1942
138 272
365 868
564 2891
3083 5120
1137 5756
912 3186
584 1361
1184 2260
2443 2891
783 3014
2494 5396
365 2891
1668 3187
138 1108
271 2427
1325 1325
1008 2654
381 3517
1871 1871
2891 3517
890 890
0 276
3513 3596
271 1211
551 646
2694 2776
1160 2382
138 868
138 747
385 599
5460 5460
834 1035
1137 2562
48 263
2891 5475
564 1268
325 325
257 591
107 5731
2631 4319
3409 3517
379 2799
1137 5949
81 5065
659 1081
1070 1318
72 2134
409 907
141 143
269 2085
608 834
2891 5690
5065 5543
1035 1881
564 1352
138 1406
40 2337
365 523
523 912
1110 3683
2085 2085
69 81
17 257
1472 2085
1352 2777
3517 5756
271 3057
76 257
1335 3002
912 988
271 591
238 365
1035 3719
2891 3179
2007 3792
240 2988
1268 2891
71 271
365 1352
81 110
890 4168
1035 3753
2539 2891
46 1591
1764 3565
5342 5342
138 601
325 365
1872 1942
313 2382
1137 2474
44 143
138 783
1011 3742
138 365
138 2125
1236 2085
518 523
2891 3218
143 2286
0 1343
0 138
2539 2539
241 1137
2516 3645
1008 4168
86 936
120 120
1137 5515
539 3001
138 145
352 1792
859 3683
1472 2125
314 2382
120 143
138 628
145 271
0 4
0 2125
271 2784
93 271
263 263
81 108
81 143
377 988
314 3559
138 1081
271 2474
81 257
988 1035
1137 5818
1792 1792
302 2635
358 1184
2091 5816
143 1050
5342 5928
2005 3792
271 3670
74 74
1380 1792
747 835
564 1553
325 2382
629 3873
957 1352
271 1325
145 257
133 238
859 5684
912 1335
455 2988
1551 3053
69 1401
1008 1013
365 1137
2424 4966
788 788
138 572
143 2891
62 62
783 5460
564 2125
2891 5422
1553 3273
564 2145
3241 3330
5238 5238
1137 2748
1893 3948
365 3001
365 2125
0 1268
81 120
143 365
365 1024
3 5815
747 912
551 2633
365 908
1008 1008
271 5540
598 912
1352 2033
93 2610
572 3948
912 1137
1008 3707
271 2443
2888 3517
145 2891
1553 2891
263 365
86 241
120 2889
271 988
365 5180
143 610
551 1981
143 1406
68 2085
238 308
0 4305
271 271
1108 2614
36 2988
138 2474
5281 5327
833 2107
271 846
138 1343
143 1553
747 1325
365 1379
271 4175
143 223
564 1406
271 1110
279 418
116 1268
365 1357
21 783
81 145
1008 1942
2033 3753
2631 2713
35 5815
62 745
271 3520
15 81
2888 2888
834 1040
11 257
1137 1893
2125 3693
0 523
272 1035
68 81
745 841
331 1035
1335 2395
365 680
2400 2420
3513 5156
417 2988
143 595
365 1130
572 1881
2286 2891
912 2468
2088 5395
81 5815
2890 2890
1745 2748
125 279
878 879
1137 2098
143 783
2889 2889
584 5756
72 1137
271 3466
1137 3720
0 2474
1357 1421
988 1921
5 1137
271 2911
1942 3792
0 2
0 988
610 2152
2562 2891
142 143
365 1406
325 1053
788 1635
0 93
138 591
138 1130
279 279
3187 3259
272 1909
564 1024
523 2286
1137 5871
912 2988
271 2085
81 1551
1008 4227
216 279
1343 2891
565 808
365 5871
1137 3385
730 950
365 1090
5025 5025
365 546
730 2085
87 2085
1472 2237
2157 2517
143 3517
365 846
143 241
2891 3670
114 808
0 2114
59 912
398 2085
564 2474
3720 3765
271 1093
138 1893
143 591
238 1137
1179 2085
138 564
2891 5555
271 1130
223 2631
365 1318
81 2152
3753 4305
272 2647
143 1024
1137 2260
93 564
385 608
236 912
271 2404
834 1942
0 1130
52 783
0 5496
271 3041
1635 1635
1137 2468
257 365
833 835
3408 3408
48 48
745 745
591 1137
365 3466
156 1040
0 1137
2828 5320
143 238
132 145
331 4319
1406 2043
119 912
271 1421
143 1137
116 712
272 1871
99 1137
344 1008
912 1343
1877 2468
365 1591
228 2516
1137 2286
365 2890
365 564
365 2085
62 365
801 1871
48 66
271 1782
6 1551
271 1008
26 747
3875 5177
0 2145
0 2988
2584 5238
608 1044
2891 5575
5422 5422
271 1406
1942 2007
110 143
572 3720
271 2114
271 6036
385 572
271 2392
365 1553
608 1904
60 2988
0 1352
2891 5120
1137 5305
365 2114
1137 2700
271 3083
912 1764
372 1965
2891 5779
37 271
564 4940
3187 3258
912 1130
912 2254
279 455
523 3517
2867 2891
3683 3683
365 2472
912 914
331 344
912 2377
1942 2742
833 912
81 5529
1218 1218
93 143
271 5119
19 143
138 2988
33 143
3596 3596
81 99
143 2440
564 747
271 365
1108 1325
365 1792
271 1108
145 607
138 1268
143 2474
0 27
2891 5323
2286 2286
138 1352
81 1070
0 365
257 523
2286 2382
1909 3719
365 3096
410 523
2742 2799
365 1782
110 1782
846 3693
325 5059
912 1081
120 358
143 2988
381 2286
7 1792
365 5281
5496 5496
564 2254
379 379
365 6036
145 591
1130 3703
1008 2066
271 1553
1881 1942
271 5025
988 2005
2494 5289
572 1008
595 907
48 1330
5120 5120
3385 3517
0 1054
271 5487
116 564
0 912
0 1553
1268 2085
565 1043
272 331
795 2891
1013 3994
1130 2891
378 608
1101 3608
1877 1877
1745 3506
68 143
271 912
1406 2478
365 747
608 890
271 1335
2494 2494
1137 2888
787 1090
107 143
1024 1942
365 5480
1211 1211
1137 2494
2043 2474
1901 4007
38 143
398 523
1043 2022
365 1108
259 834
365 1160
0 1325
116 116
2474 3001
107 107
271 914
372 572
138 1335
912 1325
19 5816
18 81
271 2891
138 912
2748 2748
3506 4945
81 940
1035 2033
1893 2623
1137 5083
350 2928
143 2254
5305 5305
2891 5352
783 2320
143 1108
1901 4034
1137 3474
1013 2043
2891 3445
1137 1782
523 833
159 169
54 271
143 2337
107 138
271 907
271 381
890 1942
62 912
120 2125
0 46
138 1008
46 271
302 4319
365 2088
26 912
523 1352
591 2125
747 988
143 523
833 1137
271 2037
572 1035
747 1024
2891 5540
271 747
1136 1693
783 5289
6 72
940 950
1008 2742
2114 2891
507 878
564 598
271 712
143 358
143 2614
1048 2748
138 1553
147 5815
1764 2474
115 2928
372 591
523 1108
31 145
72 2492
1969 3753
356 1137
2889 3517
912 5045
365 3218
271 572
1379 1379
599 1011
271 1343
271 2358
365 2828
1137 3409
271 659
2392 2476
143 564
331 2468
1885 4395
271 5342
55 2988
365 2468
312 313
1008 3948
1239 2828
0 2358
272 608
81 2143
29 2988
3409 3409
143 5496
5949 5949
529 1356
410 5928
385 896
610 2299
1035 3720
523 525
2468 2706
365 1093
0 1122
1379 2891
0 833
0 25
19 610
271 5177
107 1316
1223 3186
0 2478
2828 2891
385 1942
1871 2468
81 2914
1352 1942
1318 1318
257 1137
271 3513
2377 3565
783 2891
241 241
912 1901
369 1137
2085 2306
912 2891
138 1024
119 358
385 2731
72 3053
81 1184
2683 4227
1137 4348
1184 1184
2776 4153
1108 2784
41 5045
1904 1942
1024 2891
18 241
75 610
223 1137
143 379
564 833
120 1137
81 2299
2891 5395
143 912
143 271
912 3517
0 4342
912 1268
55 257
271 1591
130 358
147 610
914 1942
15 1050
3241 4636
1137 5460
138 833
1942 4305
46 1607
365 1211
116 143
2145 2891
93 365
34 271
1137 1268
17 2988
1008 1010
1008 1918
145 912
365 2392
2043 2043
599 1137
143 1130
564 1343
1101 1101
564 3131
20 81
1782 1782
271 312
409 1070
30 81
610 868
69 1316
133 133
138 629
71 81
610 1343
93 2891
1137 1379
223 601
2382 2382
108 2517
1137 5661
523 1137
1137 2891
1137 1335
1528 5543
591 1981
1048 2004
988 2891
1210 1422
1104 1105
1048 4007
1564 2891
1137 5819
271 5083
30 358
747 913
2474 3273
1149 1192
5241 5241
1745 5487
72 148
599 599
1351 1792
1101 1137
143 988
1048 1048
271 523
365 2107
81 2516
2478 3096
2476 3559
2377 2474
1137 5697
912 2474
3385 3385
1044 2377
271 272
833 2891
143 1268
402 523
358 1137
143 236
272 377
0 143
365 5731
271 2420
46 2891
2007 2114
1160 2476
1137 1453
99 1316
379 1137
2007 3771
146 2988
238 2468
988 1885
577 3053
365 2286
138 523
58 271
326 3645
1268 1904
0 2254
1137 3617
138 257
271 2535
138 224
0 102
783 5792
2104 5241
93 523
1872 2614
1008 1901
271 567
2 143
1101 2427
564 912
608 1942
271 3720
0 257
2145 3187
564 2988
0 2121
2033 4060
365 912
81 5816
890 1137
0 2828
878 878
365 1335
236 564
365 795
912 2478
747 868
81 350
365 1100
90 1137
46 913
81 936
271 1268
912 1969
808 4319
523 1553
2700 2891
801 801
271 564
3241 3282
271 2254
1137 5575
107 564
0 5475
228 238
143 257
0 1693
0 5119
2468 3792
344 3719
912 1149
241 271
81 1407
783 5664
72 912
271 1635
2478 2891
2358 2891
143 2516
591 783
0 1218
4348 4348
3753 3753
25 5816
507 808
577 2828
747 1130
138 236
365 2272
233 2631
108 365
101 2891
236 591
572 2037
1137 2237
523 783
912 1352
572 1024
912 1192
819 5065
2706 4186
145 747
272 808
138 2286
378 572
1110 5710
0 145
143 1782
572 591
957 957
787 5543
23 81
3014 5065
13 143
1356 2700
1137 3600
1137 1401
59 81
365 591
138 1137
59 564
1764 2082
680 3418
0 5241
1108 1137
591 2286
957 1981
572 834
54 5065
76 2988
365 712
385 1009
365 1268
271 1564
0 1528
325 2516
523 2125
271 1422
272 1352
2443 2443
591 747
312 2382
912 1024
846 846
54 54
75 1137
1352 2668
1137 1192
143 747
1010 1011
1406 2556
1528 1528
608 1901
859 4908
985 1024
1008 2891
0 819
0 36
379 4319
271 2468
271 5661
38 1093
912 2125
81 5205
81 5266
1472 1472
143 2468
236 365
2890 3517
263 912
576 1768
2 81
988 2654
564 5489
404 523
236 1137
2114 3187
912 2114
1406 5779
1768 1768
0 1093
1105 1105
3948 3948
0 2085
138 271
3001 3001
572 1893
409 523
272 2678
1008 2647
747 1650
138 1035
224 572
1008 1872
1137 1969
313 314
2891 3474
2007 3764
271 2424
2891 5792
36 36
11 2988
1050 1050
787 1115
523 1343
2400 5543
1137 1325
143 2114
271 5383
257 912
1137 2392
608 988
599 4238
0 2891
143 1901
2125 2474
271 2614
145 564
3096 3096
365 1356
783 5305
119 130
69 99
1192 1407
14 271
676 1357
143 1115
148 1551
747 1335
0 5025
1969 1969
572 3736
0 783
145 1528
2891 5592
0 271
834 909
747 1343
81 566
1137 1343
1406 3707
1881 2991
272 572
747 1553
564 1335
529 529
1137 5238
312 3001
74 145
271 1137
523 591
271 2145
801 2776
365 3592
2091 2091
224 988
0 1406
890 1893
365 576
271 783
138 143
1054 2082
400 523
1044 1942
745 5731
5756 5756
365 783
1236 3408
566 2891
1650 3218
143 914
0 3408
1137 3596
599 912
66 81
2891 5480
712 712
0 1782
145 1137
988 1918
2395 5496
143 680
271 1104
2494 3418
74 116
3517 5460
747 2474
143 1325
271 2320
2662 2706
143 833
2382 5059
30 2085
236 523
378 1942
27 1325
0 1104
912 1406
914 1981
53 271
747 1268
5 302
81 5496
572 1915
2254 5327
1921 3792
2584 2891
912 1108
409 1318
81 1792
326 5684
801 4153
1792 2891
912 2614
138 565
365 584
107 108
0 2468
138 2254
238 326
730 940
3273 3330
747 788
62 1137
365 833
2463 2891
350 3002
358 365
1942 4168
1044 3792
0 2991
81 115
1110 4908
365 5238
2004 2623
564 2286
868 1137
1137 1318
325 539
