7716 1376
5731 5731
833 834
271 576
122 228
271 314
62 3445
0 3385
1137 5342
2468 2891
143 145
840 2260
365 2928
272 1871
0 60
2145 3186
2125 5690
584 5756
271 2911
93 146
271 1270
233 271
611 5499
1352 2777
747 1320
0 26
912 1130
271 2889
308 365
378 2742
271 599
572 1011
608 1901
808 2468
996 1037
572 4305
333 611
365 2988
1008 1048
93 743
988 2784
678 1764
610 5713
925 2474
0 2143
906 2125
54 365
3565 3565
564 783
308 2516
94 920
783 3014
1921 1921
236 279
1325 1325
1008 2654
381 3517
890 890
1137 2562
2891 5475
564 1268
2494 2494
1035 1881
365 523
17 257
271 3057
890 4168
1035 3753
44 143
138 365
565 1043
1472 2125
138 628
0 4
93 271
81 257
5342 5928
3753 4305
912 1268
1008 1011
0 93
859 5684
271 833
138 2125
365 2125
0 1268
1872 2614
1406 2478
271 5540
271 2443
145 2891
365 3096
86 241
36 2988
138 1343
143 1553
271 1110
1137 3385
365 920
365 1130
564 2114
1380 1792
2494 5396
2889 2889
72 1137
1137 3720
271 3218
142 143
912 2988
271 2085
216 279
365 546
2157 2517
365 1406
143 241
271 1320
1921 4397
59 912
143 591
1901 4034
81 2152
1137 2260
271 5119
0 1130
5342 5342
257 365
143 238
271 572
99 1137
3408 3408
228 2516
365 2890
801 1871
591 2286
271 1782
1325 2891
385 572
2891 3517
912 2254
385 1009
1901 3792
81 2516
912 914
3096 3096
676 1357
138 2988
159 169
138 1352
110 1782
143 2988
381 2286
7 1792
379 379
271 1553
783 1137
0 1054
1013 3994
1130 2891
378 608
68 143
271 1335
107 143
1044 2377
1211 1211
271 783
1137 5422
365 1600
608 2709
259 834
372 572
912 1325
1893 2623
143 2254
2891 5352
2891 3445
54 271
107 138
890 1942
0 46
143 2337
833 1137
988 2891
1764 2474
115 2928
608 1024
81 115
1379 1379
2478 3096
365 2828
271 659
271 1635
2476 3559
272 608
523 1343
529 1356
1137 1192
859 4908
365 1093
0 25
19 610
1079 1079
1600 4590
81 2914
257 1137
2539 3521
81 1184
2683 4227
1904 1942
120 1137
3241 4636
1137 5949
17 2988
1764 3565
1782 1782
133 133
71 81
996 1043
93 2891
1048 2004
1048 4007
1564 2891
271 5083
30 358
747 913
1137 2478
1351 1792
1693 2891
365 2107
2891 5323
912 2474
143 1268
272 377
1137 3163
46 2891
1160 2476
379 1137
138 523
58 271
81 350
271 2535
271 3720
46 913
0 2121
2033 4060
365 912
0 2254
2700 2891
801 801
143 257
312 2382
0 5119
912 1149
241 271
3001 3001
2891 3474
2358 2891
591 783
0 1218
25 5816
507 808
1137 1804
2706 4186
272 808
138 2286
787 5543
1764 2082
680 3418
1108 1137
1035 2742
5756 5756
54 5065
5540 5540
2647 2777
523 2125
271 1422
846 846
3083 5120
271 5661
81 5205
81 5266
564 5489
2114 3187
3753 3753
0 1093
0 2085
523 2286
409 523
1008 1872
313 314
912 2377
6 1551
2828 2891
143 2114
145 564
69 99
14 271
148 1551
523 833
572 3736
834 909
1881 2991
529 529
1472 1472
801 2776
400 523
566 2891
1137 1335
2443 2891
0 1782
0 257
143 1325
143 833
30 2085
365 1792
365 2966
81 5496
409 1318
326 5684
138 2254
1010 1011
1051 2891
365 833
276 2392
2481 2891
94 257
133 2516
365 1343
365 2474
0 2286
271 1051
20 584
365 5156
572 957
81 5045
747 2125
912 3218
169 279
2007 2694
271 1325
914 4266
610 2152
272 507
146 146
271 5238
271 824
2043 3736
143 1352
271 2427
1650 3218
912 1320
4940 4940
81 2306
608 1872
34 81
1357 1421
1137 2114
399 523
271 5489
1137 1320
271 358
143 1051
365 1270
145 523
1356 2662
1035 4060
76 2988
551 739
30 143
0 1122
2891 5690
93 138
608 1881
0 1528
564 1137
747 1343
3900 5177
564 2891
0 276
551 646
138 747
788 788
906 906
257 591
379 2799
72 2134
141 143
5 302
1110 3683
2085 2085
912 1335
2891 5422
238 365
365 1352
81 110
325 365
1872 1942
1011 3742
2377 2474
1942 2007
271 912
143 2286
0 138
86 936
138 145
859 3683
271 2478
0 2125
81 108
81 143
747 1024
988 2654
138 1553
2145 2891
2891 5395
523 1137
145 257
1048 1048
2891 5592
743 5710
365 3001
365 1024
1528 1528
747 912
1008 2891
93 2610
572 3948
271 2810
263 365
402 523
143 1406
0 4305
833 2107
143 2928
747 1325
365 1379
143 223
279 418
21 783
912 2286
1792 2891
1885 4395
68 81
1406 3707
2400 2420
912 2468
125 279
912 988
5 1137
0 2
138 1130
272 1909
138 271
1137 5871
3187 3259
1343 2891
565 808
2033 3753
5025 5025
0 2114
271 1093
745 745
1179 2085
271 2404
1137 2468
119 912
271 1421
3409 3409
610 2299
2037 2037
1137 2286
350 2928
1137 5460
1745 3506
271 1008
143 1130
2891 5575
110 143
271 6036
5460 5460
0 2828
1137 5305
365 2114
1239 1551
37 271
1218 1218
19 143
33 143
365 783
1108 1325
747 1051
271 1108
145 607
1356 1421
2286 2382
518 2742
365 1079
2748 3792
988 2005
2494 5289
48 1330
48 263
1137 5819
801 2966
2891 3218
314 3559
365 2088
279 279
138 1335
81 940
1035 2033
365 564
0 5025
2104 3330
116 564
271 2037
1137 2125
747 988
40 5815
2891 5540
1136 1693
940 950
1008 2742
257 564
564 598
147 5815
31 145
1101 1101
271 2358
2392 2476
331 2468
271 5342
365 2468
81 2143
29 2988
5949 5949
143 523
0 833
0 2478
783 2891
241 241
72 3053
1130 1137
75 610
223 1137
365 576
81 2299
0 4342
1008 2706
394 2928
147 610
116 143
93 365
34 271
1472 2085
3273 3330
1236 2085
365 2392
271 2784
138 1320
138 1051
564 1343
30 81
610 1343
1137 1379
2888 2888
591 1981
914 914
1745 5487
599 599
271 272
365 5731
146 2988
238 2468
1149 1192
271 1343
326 3645
523 1051
1352 2668
2457 2891
2 143
74 116
2145 3187
1210 1422
878 878
2891 5779
365 1100
712 712
271 1268
523 1553
271 2254
1137 5575
2085 3001
0 5475
0 1693
2828 5320
344 3719
3683 3683
564 747
783 5664
72 912
572 1893
577 2828
747 1130
1268 1904
572 591
957 957
138 1137
271 1528
272 1921
81 269
271 1564
272 1352
2443 2443
591 747
1070 1318
365 1320
0 36
2584 5238
236 365
564 1406
2088 5395
0 1051
11 2988
1137 2700
238 326
119 130
143 1115
912 2478
572 1035
0 271
2114 2891
81 566
272 572
271 2145
3517 4940
224 988
912 985
1044 1942
81 5375
143 914
599 912
66 81
2891 5480
143 680
271 1104
5059 5059
271 2320
236 523
1051 1137
143 1969
107 108
2400 5543
1105 1105
365 5238
868 1137
591 1024
1137 1406
143 2306
0 236
272 372
1159 3041
3187 3187
2004 2623
81 394
1137 2474
385 2731
46 1223
1008 1013
133 3001
3241 3282
1335 2395
2654 4175
356 2145
3946 3946
2891 5555
833 912
143 269
1137 1330
1024 1352
2891 5120
223 4305
81 546
72 143
783 5460
35 5815
2392 2444
302 608
81 87
143 379
145 365
15 81
26 271
93 912
1406 2562
0 591
1108 2082
1335 2891
272 1008
238 325
890 1893
1137 1553
378 1942
0 890
302 1942
912 3186
2463 2891
365 2891
1668 3187
523 1406
2382 2382
3513 3596
385 599
834 1035
745 746
269 2085
5065 5543
564 1352
120 143
40 2337
523 912
69 81
76 257
912 1051
1043 2468
240 2988
71 271
599 4238
46 1591
356 1137
2748 2748
1877 2468
145 912
539 3001
271 5487
352 1792
314 2382
145 271
1137 1893
576 1768
0 988
377 988
271 2474
1909 3719
1969 3753
143 1050
271 3670
1551 3053
3875 5177
365 1090
2007 2114
143 2891
564 2125
3241 3330
1137 2748
59 564
81 120
143 365
3 5815
1352 2033
1008 3707
2888 3517
1969 1969
795 2891
551 1981
271 271
2125 2157
859 2891
5281 5327
271 846
271 4175
572 611
365 1357
81 145
599 1406
62 745
11 257
417 2988
2890 2890
1745 2748
5496 5496
878 879
143 783
271 3466
0 2474
263 263
53 271
138 591
81 1551
365 5871
2494 3418
87 2085
238 1137
138 1893
271 2114
608 1904
143 1024
93 564
236 912
52 783
0 5496
1635 1635
48 48
0 1137
116 712
912 1343
2516 3645
912 2891
62 365
26 747
0 2145
608 1044
5422 5422
271 2392
60 2988
271 3083
372 1965
564 4940
271 275
81 5529
81 99
143 2440
138 1268
0 365
2742 2799
846 3693
1137 5323
120 358
365 6036
1881 1942
5120 5120
271 1211
0 912
1268 2085
2631 4319
659 1081
1101 3608
787 1090
1008 1008
365 1108
107 107
19 5816
3506 4945
48 66
143 1108
271 907
62 912
138 1008
365 5480
365 1160
1137 5697
591 2125
271 747
783 5289
507 878
143 2614
1048 2748
372 591
523 1108
72 2492
143 564
608 1942
55 2988
312 313
0 2358
143 5496
410 5928
1035 3720
523 525
1745 1745
1379 2891
271 2614
107 1316
1223 3186
365 1591
138 224
271 3513
271 2228
1108 2784
41 5045
564 833
747 1352
143 271
55 257
564 912
130 358
1137 5756
46 1607
1008 1918
599 1137
271 312
108 2517
1137 2891
143 3693
2474 3001
143 988
2709 2810
3596 3596
358 1137
0 143
783 2320
577 3053
143 1320
365 2286
1137 3617
138 257
271 5177
0 102
783 5792
1008 1901
271 567
81 5816
0 1600
1893 3948
236 564
365 795
365 1981
90 1137
564 2988
81 936
1406 2556
1054 1054
263 912
404 523
1406 5779
120 2125
108 365
365 5180
236 591
1137 2237
1137 5818
1137 1318
257 2988
1901 1942
1110 5710
1356 2700
1137 3600
59 81
2043 2474
0 5241
1130 3703
2867 2891
365 712
2891 4657
365 1268
584 1361
2468 3792
75 1137
143 747
1792 1792
0 819
271 2468
38 1093
912 2125
143 2468
2890 3517
271 988
2 81
1108 2614
2091 2091
236 1137
912 2114
1137 2098
572 1881
272 2678
138 1035
1137 1969
2205 2988
1050 1050
271 5383
257 912
143 1901
2125 2474
365 1356
783 5305
271 2891
1050 2828
1137 3409
564 1335
1942 3792
1137 5238
365 5762
74 145
271 1137
523 591
988 1942
365 3592
0 1406
2633 2635
1553 2891
138 143
1054 2082
745 5731
1236 3408
1137 3596
145 1137
747 2474
1079 1137
233 2631
0 1104
912 1406
365 591
564 1024
572 2037
2631 2713
365 584
0 2468
730 940
747 788
62 1137
358 365
747 2114
1110 4908
1942 2709
2891 5949
610 2091
365 868
3041 5188
93 1137
730 2914
2043 3994
1008 1035
564 5529
378 572
58 5205
0 145
81 840
1877 4342
81 2468
783 912
143 1236
365 3600
529 2468
912 3282
564 5038
1024 2891
747 783
18 145
1782 3549
833 2104
365 1318
46 46
369 1137
1137 2572
912 1969
5305 5305
912 3474
0 599
179 279
401 523
584 2141
3720 3765
2709 3889
271 3187
2474 2891
81 369
3187 3258
40 1137
988 1137
868 912
1406 5499
608 988
2891 5664
0 564
523 2474
2007 3764
272 914
302 2468
564 591
358 400
271 1192
350 3002
60 1211
138 272
564 1130
912 1764
138 1108
1318 1318
2694 2776
1160 2382
912 1553
325 325
107 5731
3409 3517
81 5065
272 331
409 907
314 1110
392 551
3792 4397
3517 5756
1335 3002
2125 3693
1035 3719
608 834
313 2382
2539 2891
138 783
2085 2306
1877 1877
241 1137
1008 4168
120 120
1137 5515
138 1406
143 1782
26 912
138 1081
344 4238
988 1035
302 2635
2005 3792
74 74
747 835
564 1553
325 2382
629 3873
60 60
133 238
906 1268
2662 2706
62 62
1553 3273
1768 1768
5238 5238
551 2633
398 523
598 912
2562 2891
120 2889
143 610
68 2085
238 308
5762 6011
138 2474
1607 3186
116 1268
271 3520
834 1040
0 523
272 1035
331 1035
365 680
3513 5156
2395 5496
143 595
2828 2828
2286 2891
81 5815
3592 3592
2007 3792
2451 2810
988 1921
0 1343
3474 3474
138 565
325 1053
788 1635
957 1352
69 1401
1008 4227
1239 2828
730 950
730 2085
1472 2237
143 3517
365 846
2891 3670
114 808
745 841
564 2474
138 564
271 1130
272 2647
385 608
1268 2891
834 1942
271 3041
833 835
591 1137
365 3466
156 1040
132 145
331 4319
143 1137
344 1008
1942 4168
2107 2107
365 2085
18 241
912 2451
0 2988
1137 5661
271 523
572 3720
833 2891
365 1553
0 1352
279 455
331 344
93 143
271 365
143 2474
0 27
81 1070
21 5375
410 523
365 1782
912 1081
365 5281
564 2254
747 868
145 591
271 5025
572 1008
595 907
365 908
0 1553
518 523
365 747
608 890
1024 1942
1137 2494
38 143
1043 2022
0 1325
116 116
18 81
138 912
1137 5083
1137 3474
1137 1782
912 3517
257 523
271 381
3385 3517
365 1211
46 271
523 564
523 1352
1137 3670
302 4319
145 1528
6 72
271 712
143 358
912 1137
2889 3517
912 5045
365 3218
599 1011
564 2085
365 2272
365 1051
1184 2260
2468 2706
385 1942
1352 1942
2377 3565
138 1024
119 358
2085 2891
358 358
608 2007
143 912
271 1591
15 1050
138 833
1942 4305
1137 1268
1008 1010
2043 2043
2091 5816
564 3131
20 81
409 1070
610 868
69 1316
138 629
1528 5543
1137 1343
1104 1105
72 148
1101 1137
3385 3385
143 236
1101 2427
271 2420
1137 1453
99 1316
2007 3771
988 1885
271 3608
914 1942
2104 5241
93 523
138 572
3517 5460
890 1137
365 1335
145 747
5241 5241
808 4319
2286 2286
271 564
912 1352
107 564
1137 1401
228 238
271 914
81 1407
2478 2891
143 2516
1192 1407
312 3001
138 236
101 2891
2584 2891
611 2713
523 783
1044 3792
912 1192
819 5065
747 1137
1137 2888
23 81
845 1137
13 143
564 1792
957 1981
572 834
1921 3946
912 925
325 2516
54 54
564 1051
1942 2742
379 4319
365 1137
564 2145
2474 3273
912 1024
1008 2647
747 1650
455 2988
747 1268
271 2424
2891 5792
36 36
787 1115
2891 3179
1137 1325
1137 2392
0 2891
325 5059
365 1422
747 1335
0 783
747 1553
912 1901
2424 4966
1008 2066
0 3408
3014 5065
988 1918
2382 5059
27 1325
914 1981
572 1915
2254 5327
912 1108
81 1792
912 2614
1352 3521
0 2991
564 2286
2539 2539
325 539
