7716 10244
1693 1793
564 5621
1137 5044
1942 2474
271 5840
912 1253
2512 5095
2161 5928
888 3920
747 1664
365 2568
783 5336
1136 1364
1904 4119
5731 5731
2286 6393
1745 5199
314 5211
1353 3675
62 3445
1799 3001
783 6105
365 2238
833 834
5963 5963
273 3273
2012 3814
1438 1486
0 2903
223 223
143 145
551 648
2816 2816
62 6147
840 2260
909 909
857 3377
1137 1165
279 498
365 2995
0 5865
272 1871
271 5075
0 2531
365 5283
564 4956
271 5162
3271 3330
1137 5749
783 2602
747 3223
271 3153
4323 4323
271 5051
583 5491
2165 2165
1421 2262
1352 2777
783 2244
747 1320
2100 4108
912 1130
1201 2834
3828 5741
2468 2629
2085 5831
1876 1966
271 5641
365 2401
1904 2818
271 3576
271 5649
1137 1738
1942 2772
3436 3436
2512 2925
378 1986
138 2800
271 5404
1137 5717
808 2468
1469 1553
271 2480
572 4305
2436 2468
72 1551
1059 1059
3273 3382
1965 2070
868 1236
1137 6046
2125 4948
680 868
279 432
271 2381
1137 3473
783 1405
30 7657
1031 2046
1710 2145
279 440
2891 6132
1782 3436
1035 4038
3820 5741
314 3174
1137 2350
365 585
271 1498
785 6190
93 743
3427 5060
271 5959
988 2784
271 2827
2468 3545
271 1459
906 2125
1942 3908
1137 5042
1640 1651
4040 4462
1388 1388
764 1688
1600 1696
308 2516
1965 4465
1137 1410
1421 2925
1320 1323
314 2118
2988 5906
1464 1464
783 3014
1782 3043
365 5558
359 359
1137 5172
1325 1325
271 6338
1871 1871
271 3306
833 2109
2286 3559
842 1397
912 2468
572 2075
70 747
1352 1352
5094 5220
6003 6003
2891 5475
2152 5816
1612 1612
271 5103
2606 2606
1889 4350
1137 2926
271 3104
680 2891
2088 2534
365 2105
1871 4385
988 4191
641 1985
271 2986
783 2232
747 3350
1137 3113
271 3057
2742 4020
2474 3034
378 4480
3973 6541
1783 2478
890 4168
5397 5397
2392 5486
271 2530
1010 1980
44 143
3273 4561
2618 2618
0 2123
271 3487
2012 2624
2506 2926
271 5201
83 2988
0 2
0 4
365 2867
1370 1594
913 1647
1421 5019
271 6016
1137 5922
6163 6163
1274 1464
1421 5226
912 1268
1008 1011
3453 3453
1137 3636
93 769
1887 2636
5027 6131
914 914
271 5872
767 1620
1016 3993
1137 2558
1274 2891
6070 6070
1884 1884
1137 4942
2016 2016
2510 5348
1904 4060
0 1268
1137 2470
2987 5391
4160 4160
3792 4168
0 3135
1137 1227
1390 2563
1006 3792
3074 3074
2114 5691
145 2891
523 531
271 1749
2404 2988
2844 5391
988 4230
271 3309
572 624
2125 2946
1024 4420
400 5374
783 5857
764 772
755 910
1403 3671
3271 3273
856 2891
2387 5120
365 3639
1745 5957
2033 3753
700 3881
365 920
365 2584
1081 1137
3207 3207
1380 1792
1011 2715
1137 5604
747 766
356 2871
271 3627
1264 1490
5608 5608
365 1797
72 1137
680 5023
2087 5339
2991 3611
1352 2722
365 2123
365 1788
1137 5842
1533 2392
912 3920
1008 2715
216 279
365 2340
2917 2917
3849 4458
238 2120
273 1386
749 749
4578 4578
70 344
271 2348
365 1067
1695 4658
915 1137
365 2871
868 2261
238 327
4016 5499
81 2152
2125 6189
988 6512
1687 1687
988 1901
3727 4099
1041 3927
1392 1591
2516 5437
988 2613
1695 1695
1137 2127
1137 4994
1137 1137
801 1871
2714 2717
271 1782
1443 2085
2437 3011
3978 3978
1079 5877
3290 4564
2125 5750
365 2220
2007 4499
1001 1984
2125 3653
912 2254
1252 4909
572 1904
271 6278
1893 2793
912 914
575 2038
2751 2751
1137 5351
769 3226
3944 3986
3576 5384
1137 2871
1136 3299
394 1137
2038 4400
5392 5420
1006 4273
365 5963
764 1502
3330 3383
365 2478
110 1782
143 2988
7 1792
5547 5547
2125 5520
1064 1137
1872 4330
365 411
1492 6261
1406 3427
4451 5499
1335 5981
1421 3687
888 2781
271 1064
2172 2468
1130 2891
1163 4678
1980 3921
68 143
1130 5842
271 2248
1035 2717
865 3823
143 2341
1044 2377
1016 2726
2774 4054
1010 4102
365 1006
1610 1704
398 523
365 1600
2429 2429
1693 1693
2760 2760
271 6074
551 740
912 1325
523 1492
1136 1248
143 2254
2085 4982
2125 2903
783 2320
1137 5043
1137 6123
107 138
747 1657
1471 1477
271 1242
1421 5414
1137 2510
1137 2244
1036 2668
143 5224
2891 5698
3182 4569
1182 2382
365 5525
551 647
988 2891
272 2015
81 115
273 1370
1688 1717
382 572
2880 3152
783 3693
672 672
1212 5052
271 1635
271 5161
980 3918
1011 4136
6058 6058
272 608
143 785
783 2603
747 3222
6170 6170
2015 2614
2474 3023
3290 4661
891 4233
1894 4532
868 2144
356 1736
1740 1740
81 2914
0 102
271 5640
1048 4431
1343 6043
365 5424
356 4602
2997 4956
314 5316
2694 4057
1137 5812
2392 5026
1499 3498
783 2942
1137 4348
1274 3573
1884 2706
1119 2088
761 1117
271 2479
783 2844
2343 3702
131 2395
833 5271
2891 3139
1110 2441
279 431
913 1622
156 4040
93 5510
2107 5262
1137 5949
912 6153
366 4031
2123 2123
145 371
271 6106
356 3255
2631 4382
792 4549
71 81
93 2891
2309 2356
1130 5965
752 910
365 4995
2700 4139
3240 4580
2478 6175
2651 2807
1048 4007
747 1641
747 913
5769 5769
1137 2478
1815 1815
510 2891
365 1207
896 1946
783 6067
365 2254
683 5361
385 2012
2350 2350
365 1156
1343 1461
912 6156
988 4208
1114 5766
833 2108
572 2074
579 1137
2063 4347
58 271
2903 5725
81 350
272 3970
1137 2931
3321 3330
1137 1709
1580 2468
747 3210
5460 5460
2104 3665
365 912
4292 4412
0 5192
783 2479
0 2254
2468 3084
2700 2891
912 1149
5318 5324
356 3256
909 5307
2150 4981
1562 1942
271 5673
0 5119
138 2055
2891 5151
3001 3001
271 6199
1591 3319
312 1247
2125 4991
2618 2619
1357 3475
1137 3661
365 1111
271 5407
271 1094
271 4461
143 5816
3296 3365
3029 3029
271 2511
2778 4374
272 808
1991 2468
507 873
331 4305
783 5642
1160 2162
271 1480
896 4135
1750 5202
2384 3146
912 1265
523 2125
271 1422
271 5988
1087 1662
1352 1979
93 1339
1352 4040
3187 3189
271 1206
1268 1442
1437 1437
2468 3683
1522 1522
1240 3593
271 5755
271 1151
1587 1597
0 6060
5027 6182
1080 1137
377 2742
2261 2261
2100 4439
2114 3187
3753 3753
1105 1105
271 2724
523 2286
3826 3978
2506 3537
0 5637
1421 5615
957 3967
0 5876
1137 2692
833 2112
3187 4638
271 5235
651 782
1998 4270
1432 1432
4119 4120
1480 5709
1137 2901
271 3107
2043 2704
2125 3015
271 5021
3565 3565
314 2330
271 785
572 3736
271 3010
783 3488
636 2576
2780 3731
2392 5646
857 3273
4008 4008
2017 4289
1421 1421
801 2776
271 5578
1137 5511
1137 3011
2621 3738
271 5676
2392 5523
712 712
271 2556
356 4542
1314 1406
1370 3238
2474 5459
2903 3059
749 750
365 2966
81 5496
236 591
1357 2435
6047 6047
1202 2478
1137 2237
279 280
827 2476
238 326
143 1547
365 5175
271 6047
1137 5917
1130 1522
356 3287
271 2338
143 1397
753 3210
2471 2471
783 1771
93 788
2878 5094
5026 5063
133 2516
365 1343
1177 1392
3706 3871
1137 1450
1237 1237
792 4708
2044 5499
1904 3760
271 678
365 5629
3330 4656
1137 1209
81 5045
3499 5451
267 523
912 3218
1352 3297
2125 6056
2007 2694
146 146
5170 5170
365 5372
271 5238
783 5722
271 6277
365 3679
2125 3551
271 1607
1650 3218
2891 3593
801 4057
365 3570
572 3829
381 3517
224 2659
1130 6303
857 3241
365 2599
857 4687
34 81
271 3032
919 919
2007 3945
2105 5296
272 1038
572 1998
271 3653
5045 6153
841 5731
365 2467
2665 2891
1252 4947
271 5489
365 2361
783 2323
2891 3116
271 1063
365 2279
1219 1406
1137 5091
2055 4336
271 2247
3973 4319
1137 6078
143 1051
4013 4276
1406 2429
5950 5950
271 5357
228 2441
93 642
138 1319
1035 4060
2775 2891
2997 5560
551 739
1745 2880
912 1326
2891 4657
271 2340
271 5953
1421 5183
680 747
1724 1724
145 2593
564 1137
1137 5050
1782 4984
1608 1608
2320 5893
394 5906
783 5330
5380 5704
1320 5252
4100 6525
2698 4260
2891 5888
1044 2734
271 1783
0 3086
277 365
272 4265
3162 3162
1893 3736
143 2433
551 646
28 2121
2468 3863
138 868
976 976
271 1766
272 2012
5934 5934
5075 5075
257 591
2392 3696
622 3782
2392 5929
2751 4237
365 2178
516 2661
1632 1698
764 774
271 5160
1067 2311
1110 3683
378 2613
2891 5422
377 6512
314 5535
611 3867
271 5050
1137 5673
769 3338
857 3266
64 576
1051 1193
2392 3094
868 2145
407 709
1670 1728
271 3680
2137 2242
2251 2392
1011 3742
2377 2474
2063 3973
1900 4319
0 138
271 1135
797 1997
2557 7657
1008 2058
2678 4394
138 145
859 3683
1137 5723
1890 2618
1942 1944
271 2478
2307 2468
0 2125
271 2271
3273 3380
271 5289
3066 3066
1099 1703
857 4698
271 6010
1212 4953
271 2293
1137 1961
3922 3948
998 4179
912 1329
1137 2353
2407 3141
638 2537
93 4902
743 5710
564 3581
912 4924
523 1544
118 118
257 2197
1343 5173
271 5841
2510 5608
572 2780
1137 2560
1591 1687
2699 2699
5094 5287
747 1640
1528 1528
747 912
1728 3182
4334 4334
681 2145
783 6075
1674 3187
402 523
1011 2068
1008 1032
1406 3088
2510 3165
1764 6067
0 4305
2392 6090
783 5947
3792 6539
833 2107
2088 5006
271 5205
2468 6199
382 3845
584 5756
21 783
365 5331
271 5101
1099 2891
1885 4395
1872 3804
0 1135
2468 3728
271 3102
761 3333
2125 5840
912 1541
747 3209
2891 4939
285 1137
271 4900
2516 5443
272 2479
271 3621
564 6204
5 1137
0 241
912 5721
358 2281
4340 4340
1137 5871
1587 1723
271 2528
1343 2891
1959 1959
868 2343
1942 4301
1013 2741
783 5018
1927 1927
365 2334
344 1892
6171 6171
271 2220
5731 5960
271 1093
2280 2280
1379 2891
143 5815
271 2510
271 3388
0 3597
1130 2151
2013 3792
2354 2354
6518 6524
271 2404
1133 6160
507 872
365 5242
356 3308
365 3165
4936 4936
783 5573
0 596
271 1366
1137 2341
1402 5020
1971 1971
1522 2478
119 912
271 1421
2135 2137
271 2138
3409 3409
610 2299
1227 1227
1137 2286
4170 4170
1008 3760
1745 3506
3187 3190
3948 4160
2717 4529
868 2988
271 1406
273 1223
1693 4585
3329 3329
990 4116
0 2828
271 1807
365 1229
783 5931
1137 1230
1239 1551
2089 2388
271 6361
116 3144
2651 3833
2085 6035
833 2111
1137 5464
572 2044
62 5244
365 3020
0 5711
783 3548
1051 3008
4111 4261
2392 3534
271 1994
3876 3876
516 521
5371 6086
1348 2304
2125 5606
747 764
3961 3985
107 3599
2114 5139
859 3170
272 1027
1421 6206
2731 2750
912 1430
2637 4055
1137 5841
377 4287
783 6152
785 2891
1580 1689
564 5992
801 2966
2891 3218
1008 2717
1370 4565
912 6356
1035 4265
3273 4664
100 564
749 751
985 985
833 5347
1993 2706
143 1088
271 2347
271 3416
365 1069
4344 4348
279 279
2786 3832
138 1335
2739 4170
2117 2117
2107 6017
2709 4014
365 564
2286 6210
4305 4337
2341 5634
365 6149
1137 1138
1670 3240
1137 2606
271 2870
4289 4370
1406 3638
1137 2125
764 1652
747 988
271 5694
143 868
1050 2828
2632 4319
912 1909
1137 1449
365 5644
143 2343
783 890
4470 5094
1979 1979
365 5631
2272 5809
4265 4305
31 145
272 4159
680 5951
1527 2382
564 5134
5970 5970
1137 1168
271 568
988 4453
1800 5918
1652 1652
1006 1137
93 285
2085 2665
314 1748
2891 5454
2472 5747
1764 2501
1987 2822
271 5022
868 2483
271 3031
0 2478
917 5002
1745 2913
3673 3673
1022 2022
271 3652
2088 4948
5751 5751
785 5519
1724 3273
1946 4503
365 3592
5371 5371
2114 2235
988 4086
147 5815
272 895
1000 1000
564 1481
257 3692
271 3460
1008 2706
3783 3783
3911 5499
5729 5729
2150 2349
271 2475
1137 1591
601 4444
271 2376
34 271
2019 4479
890 3855
745 5731
279 457
138 1320
1101 1101
271 6072
2448 5078
1159 1159
636 1866
764 4717
5013 5822
365 942
2709 3752
1160 3456
271 5952
407 523
5213 5216
591 1981
1137 2178
783 5442
5553 5553
911 1137
1356 2789
2772 4124
1137 3596
599 599
1067 6332
564 1904
575 2694
271 1241
1602 1698
1137 2508
5094 6154
2759 4159
988 2620
783 868
2108 2108
747 5783
792 1163
783 3065
913 3216
311 314
1779 5140
2636 4275
365 5394
139 145
1137 5409
608 2068
365 2177
1961 3714
272 2683
2474 3282
365 5284
271 5159
3218 4565
271 6159
1192 3143
3725 3725
1421 5809
671 1041
314 5536
1942 2225
769 3337
5140 5140
868 2515
3187 4672
135 1137
1137 5575
1382 2872
2891 5239
1942 4194
3683 3683
564 747
523 689
1108 3132
271 3574
594 2125
365 5758
857 4567
47 2007
1108 2343
521 4088
1268 1904
1137 3173
1177 1575
271 5288
279 430
1137 3470
271 1528
1268 2341
376 2682
279 445
271 1564
2468 3522
564 5883
1041 4029
591 747
2137 3138
1320 3029
365 6118
3383 3383
4140 4140
801 3716
3401 3401
271 1457
1253 3593
271 5867
2614 3772
365 4891
1268 3390
625 2767
1906 2774
1352 1946
365 728
93 5135
143 155
1324 6061
2017 3813
3659 3659
1137 2789
271 2692
0 2882
4923 4923
11 2988
1589 1589
1137 2700
833 2106
81 100
2392 5994
3883 3964
0 1492
271 5100
680 934
1406 4978
2114 5191
2510 2920
0 2596
3168 3168
0 271
1011 3953
331 332
271 6188
272 572
5695 5696
143 568
1900 4382
2125 5329
747 3347
1044 1942
868 2163
271 4975
272 995
81 5375
5142 5206
4023 4236
2468 2717
1959 1983
271 5672
271 1104
402 817
238 271
2392 5898
797 3881
857 4595
5391 6293
2392 5048
1871 4126
1051 1137
912 1811
138 707
398 5217
3935 5499
1137 3584
1071 2022
1998 4188
618 619
3910 3911
271 2403
271 1530
385 1016
3273 3287
271 6013
2392 5129
1201 2498
278 304
271 1478
1137 1777
1137 2340
1441 2468
486 636
271 2137
2891 3036
271 5986
1137 2276
1352 1981
747 1777
764 1623
1389 1406
1883 3776
3187 3187
1893 2640
1137 4946
81 394
3849 3849
1137 2474
2384 5118
365 2832
5095 5095
2891 2929
2468 3926
3556 3556
2468 3186
1335 2395
1160 3077
1009 3615
3126 3126
747 1404
2618 4309
273 1574
6073 6073
1438 1745
1137 1616
1343 5705
1100 2969
1137 2378
271 3624
302 608
356 1708
523 785
2159 2903
93 912
365 2359
2457 2891
1793 4551
1880 1895
378 892
1108 2082
1008 1998
1035 1944
0 2095
271 3507
868 1553
2891 4040
1343 5574
3568 3568
378 4166
1335 2891
2510 3569
271 3415
639 810
3593 6258
2125 6274
271 5325
2125 5186
1113 1137
238 325
2756 2756
1137 3423
1099 4645
271 2178
1635 4662
3709 3709
5965 6000
356 3285
3031 5282
912 1635
518 789
762 764
0 6233
890 1893
2891 4989
365 5063
4575 4575
1810 2891
2088 5638
1137 3537
2463 2891
726 1137
523 1081
523 1406
709 709
3537 3537
143 3541
271 1779
236 636
1971 2667
912 1201
272 4274
365 5630
832 1948
4268 4268
378 378
1764 1764
2891 5625
1137 1558
783 5791
745 746
365 3047
764 3217
225 279
4148 4269
331 1977
2733 4293
272 1957
1022 2791
1137 5438
120 143
365 2172
575 2039
2863 5554
833 3063
228 307
678 678
271 6155
2602 2602
272 3885
1543 5637
1043 2468
240 2988
365 6081
1051 5643
1137 5675
1243 5701
279 637
3521 3601
365 5961
2928 4970
1024 3615
365 1410
2709 3715
272 1042
143 5906
680 1067
2703 2706
285 285
377 2054
271 3651
783 3406
4119 4119
2617 2664
377 4281
143 1181
4007 4007
271 5487
1137 5819
1040 4262
358 3562
145 271
2253 2863
271 3459
912 2437
912 3435
1137 5746
271 2474
2085 2547
1406 3013
143 1050
3201 3330
2085 5912
1666 1666
241 5401
143 1138
279 456
365 5193
1010 4350
2007 2114
2903 5145
62 3420
271 1495
365 6193
564 2125
378 1035
1712 1712
584 6223
912 1235
730 944
985 4204
1893 4350
1352 2033
1137 3535
1008 3707
783 5332
1602 3376
2286 2961
2510 5891
271 5683
551 1981
271 1175
859 5894
1782 2829
2891 5697
2651 4526
859 2891
5281 5327
3736 3939
587 587
636 818
0 1558
783 3066
572 611
909 5052
365 5514
1113 2891
988 4473
365 5393
1024 4261
271 5071
1137 5408
608 2067
2627 4472
2689 2891
4968 5868
271 3074
992 4534
358 6012
572 1033
1137 5325
271 6158
143 783
3728 4004
700 3947
0 1547
1352 3026
271 5048
0 988
4542 4542
4930 5048
3823 3823
1664 3357
356 1735
857 3325
414 2891
795 2891
271 3678
1506 3170
1178 1274
365 5871
2494 3418
1871 3807
2068 2668
2429 4959
238 1137
2891 3155
3284 3284
32 584
138 1893
2476 2902
1980 3766
700 973
1137 5721
46 46
93 564
1797 3490
2332 2332
1059 2085
912 6163
629 3824
1008 4162
1356 2263
1591 1604
3506 4945
3404 3404
279 444
271 2291
3036 3036
5393 5393
912 1343
1240 1240
1137 3665
912 2891
62 365
1745 5153
1622 3225
608 1044
5422 5422
572 2795
2145 3187
783 3162
365 765
2618 4229
1430 5965
272 4335
572 2717
365 3216
1670 1670
365 1208
2468 3792
4196 4196
1137 5176
1161 1251
271 6334
2468 3836
93 2460
833 2105
636 661
1803 2392
564 5182
81 99
0 1147
5965 5965
1352 1356
2700 4150
1776 2288
271 1574
272 1901
1692 1694
1137 5405
4123 4123
783 5764
0 365
1137 2929
509 1199
962 972
1137 5323
1529 5533
680 5639
365 4577
2596 2997
2433 2433
365 6036
0 232
747 758
2391 2392
1137 3116
271 3619
1108 1883
0 599
0 912
1566 1566
2468 2716
2891 5218
1406 2234
678 1764
1130 5192
1745 5805
3210 3340
271 3596
1591 3317
539 539
1211 1456
0 5063
4189 4189
271 2604
2963 2963
358 5278
365 1108
358 4967
1116 1541
4668 4668
1082 1082
581 948
158 279
1207 1207
19 5816
1343 4142
618 620
808 986
5362 5362
1370 1731
2076 3736
271 2176
783 5645
988 1878
143 1108
2063 3768
1137 2410
996 1924
678 1137
768 910
2678 4408
4123 4143
1137 1602
62 912
5372 5372
2125 2827
271 2984
271 5985
271 1312
1871 2693
591 2125
271 747
783 5289
3187 3188
4231 5499
783 4377
0 6182
1406 1904
99 107
1137 1455
271 1165
1421 5371
523 1108
2150 5369
747 1701
365 1230
761 770
1137 1229
654 3986
325 2600
1137 6110
5953 5953
1022 3786
272 2052
608 1942
331 623
2784 4340
365 3029
271 564
4000 5499
3333 5906
523 1051
314 4951
365 5464
1421 3082
272 1963
2392 5977
1137 2975
410 5928
271 5125
523 525
584 5379
523 1343
271 3659
1352 2668
138 785
1137 1615
2085 5245
271 4132
2460 2460
868 2468
271 3623
1352 2611
2392 5687
1580 4641
1137 5516
1137 1757
957 3615
747 1352
271 5482
2474 3144
2795 3829
683 2392
2117 2392
599 4238
2512 3149
271 5550
1137 5756
3187 3258
783 2971
0 2094
1942 4416
271 2222
2468 4411
143 1087
1008 1918
793 6108
783 2839
747 2836
2145 3362
271 5473
81 2988
1777 1777
1721 3315
3210 4610
279 477
271 2432
5493 5916
1018 1018
271 2177
783 5500
238 5536
4998 4998
1137 2406
1599 1599
909 2239
912 4894
581 1108
2336 2336
1618 3218
271 5807
1682 1727
143 988
0 6114
868 1815
1137 4998
271 4023
232 232
3470 3470
271 1778
279 2210
762 1638
410 3692
3504 3504
2891 5706
0 2832
1406 5499
4273 4273
2561 5443
107 3154
1137 1206
271 5177
783 5792
70 783
1704 4645
271 567
4589 4589
365 5392
3011 3011
2891 3663
783 5730
1942 2100
85 365
3121 3728
1944 4121
769 3229
572 1944
1137 1317
0 5421
564 2988
365 3567
1904 2891
244 2392
1235 3249
93 5780
5000 5000
271 5430
1137 5680
3863 3863
2125 3126
5013 5198
2137 2137
1942 2676
1054 1054
1704 4606
365 3473
783 2386
107 912
93 868
365 1810
1137 5484
1490 1670
868 2554
1035 4519
271 5486
1137 5818
591 676
10 81
572 808
365 1147
2612 2612
271 1081
143 1201
1018 3965
2043 2474
3329 3370
1010 3732
1137 6075
271 2374
2085 5898
2392 6242
410 2545
2451 3527
1137 5982
3266 3330
271 4382
680 726
2818 2818
2771 3830
402 2475
1914 2795
4100 4100
3288 3311
551 737
1994 2709
365 568
1572 1591
2173 2173
2043 4466
1961 4331
3358 4607
3727 3845
419 2988
2166 3613
143 2468
2392 6338
271 5836
314 3050
331 5906
271 2872
1343 3402
1100 2125
599 3998
279 2201
1137 2098
895 2991
912 5477
1137 2514
138 1035
5522 5522
2235 2235
3800 4464
868 1138
138 962
1137 1383
365 5547
3996 3996
1343 6130
813 5499
1137 2518
143 1901
3295 4697
2125 2474
3096 3096
271 709
3210 4613
365 2994
3201 3201
1357 2017
1130 5063
1011 4106
539 1137
985 3703
1137 2934
2088 5070
764 769
3986 3986
74 145
1137 5324
365 2094
668 3792
0 1406
700 3888
1054 2082
1229 2068
815 1871
912 1319
769 3342
2891 2964
2510 5015
999 3993
1352 2795
0 246
365 2506
365 3410
1137 3033
385 3801
1135 2474
2114 2468
365 2397
912 1406
564 5768
1986 1986
975 4359
857 4569
271 1133
2679 3825
912 1067
1235 4552
709 868
4148 5499
2733 4032
0 79
5558 5558
365 1969
410 1864
5382 5847
1958 1988
365 1365
868 1235
758 1137
1364 4707
1099 1706
279 420
271 2378
3491 5393
4421 5499
3195 3195
358 912
271 6007
70 356
1670 1690
610 2091
271 2290
4305 4399
1343 4949
1458 1458
271 1358
783 1196
2439 2439
572 4435
121 365
1137 3664
912 2892
564 5529
238 6015
1577 2468
1137 6194
5858 5902
107 120
747 775
868 2818
1607 3310
400 5038
271 1201
1137 2563
271 2899
2675 4490
365 764
747 1632
1421 5387
3034 3167
1026 1900
783 3113
912 2665
2678 2678
1628 1635
783 912
3041 5511
1130 3650
1006 3814
2359 2359
912 3282
912 5764
1024 2891
271 6333
3866 4413
358 7657
1370 3269
833 2104
257 1864
272 1945
365 1567
783 5889
2085 3333
5809 6154
24 5815
271 523
271 5098
2709 3956
957 4332
272 2705
3167 5548
365 5312
981 2468
3850 3850
769 1659
1213 1393
271 5610
1764 2451
271 4897
1969 1969
378 4501
2891 2891
271 4973
2709 3889
271 3986
5473 5473
783 2429
583 2553
224 378
783 5086
1137 5648
1240 2392
1081 1547
1035 2061
271 2526
844 4691
890 4084
3187 4703
1591 3316
988 1137
868 1346
762 5257
365 2333
988 4011
2012 2621
2478 3035
365 1680
4927 4927
2382 3489
1130 1324
909 5995
1011 4239
1602 3200
618 621
261 358
1942 2053
271 2401
2774 3843
507 883
271 1529
995 995
564 5492
890 2793
5418 5418
1764 6126
2891 6011
1092 1438
564 1130
783 5456
271 5984
3238 4565
72 3120
138 1108
564 1893
356 3382
1234 1234
1137 1665
832 2022
1137 4944
261 5906
271 5751
2047 2468
572 2688
354 1137
857 866
4251 6528
1137 1397
1893 2641
1137 5236
2392 5735
1530 1591
81 5065
2297 2893
608 834
572 2007
378 4077
138 1406
1624 3336
1944 2666
608 2024
1133 2309
1137 1369
314 2441
3517 5756
1422 5904
0 1444
365 5359
1116 1746
2125 5376
271 6125
2063 3861
1421 2174
1137 1683
17 2193
271 915
365 2577
406 3613
138 783
5652 5652
5809 5809
2709 3739
365 2567
914 4280
272 3746
2286 5885
271 3622
1945 2777
912 5210
783 5259
271 5601
1137 5515
2125 5649
365 2463
3922 5499
143 1782
0 2277
365 5828
958 2007
4283 4283
365 1749
2012 4202
271 2552
344 4238
988 1035
783 5002
271 2449
2071 3765
670 1137
365 1635
271 5434
1011 4410
949 2891
1137 6030
636 1831
629 3873
1600 4605
1357 2445
1005 2060
3779 3779
107 6229
133 238
1137 5984
1927 2641
271 2431
1137 3427
4132 4434
1137 4544
1031 3778
2254 3455
2125 2970
365 5158
1893 3948
365 6158
177 279
848 913
1008 1811
54 54
271 2962
700 4180
1896 2795
1408 1408
783 5421
271 5806
572 2740
1909 2545
1591 1704
1508 1508
697 1942
1137 4997
1137 2536
2392 5946
1106 3675
1397 5203
232 271
700 4425
314 5090
1067 6176
2392 5720
81 1122
3223 3223
365 5505
1268 1550
1137 2662
523 524
365 5391
812 2052
143 595
271 6273
365 3675
3201 3377
0 2552
753 1663
834 4070
988 4429
325 1053
0 290
957 1352
69 1401
2894 5033
271 4923
1565 1565
379 571
743 3575
912 5783
377 2073
365 846
1108 2028
4915 5094
1397 6280
271 1130
365 2384
680 4948
271 2581
868 2306
3459 3459
1268 2891
2741 3736
0 4933
271 2472
990 4364
314 5997
1610 1610
2392 6272
271 2373
2647 2647
1370 3332
797 797
79 271
331 4319
783 5591
271 5354
143 1137
2491 2491
2891 6137
868 1461
107 6322
271 6070
1137 2312
1923 2717
2150 3673
271 2101
271 5951
868 5498
1137 3602
93 4958
912 5598
0 1352
868 1782
271 5722
3565 4092
1422 5804
1183 1268
868 1591
1137 1249
0 5935
1352 3828
1137 1193
2238 2996
271 517
2286 4890
2324 5860
1529 1529
153 2988
3182 3182
81 1070
985 3832
4993 6312
2392 5921
4040 4146
2468 3996
2298 2903
3832 4235
271 3073
120 120
365 5281
2306 5906
56 2988
1541 1777
377 6514
3876 4261
271 5046
582 3300
2384 3675
572 3783
385 3709
365 5985
1011 3893
3216 3216
2872 3022
1000 2815
912 3556
365 1776
356 1674
377 4259
400 1180
0 5162
2381 2381
271 3571
2089 3631
680 2534
1137 5814
5540 5540
988 3988
1652 3357
3968 3968
358 4952
2928 5106
0 4912
888 1352
1137 3171
1872 2015
564 5702
2238 3541
1137 3474
498 948
271 6006
372 702
1144 2872
271 381
279 434
3385 3517
313 5530
2606 4640
1137 3670
106 1792
572 1035
271 2133
579 579
271 5980
1137 6193
1622 3227
1187 2304
138 1544
5094 5137
868 3004
1133 2478
2889 3517
2678 4213
365 3218
1352 1777
1137 2481
700 4375
599 1011
271 1788
365 1206
70 70
365 2272
622 4082
0 2874
365 5550
1871 1955
3662 3662
2471 5137
66 5906
1320 6186
1587 3238
5049 5049
1352 1727
1137 2977
271 3193
1708 1708
2694 4443
3846 4096
1801 2891
2648 4137
271 3099
1777 5478
385 3985
1624 1656
1137 5321
68 3093
1745 2891
769 1658
3183 3183
271 3004
271 2244
857 3291
564 680
5413 5413
1420 1420
3083 3083
2468 2714
564 1553
271 3700
785 5686
271 5669
143 1086
2705 2705
1012 4238
1942 4305
912 3468
271 574
517 523
271 3504
564 6034
293 2748
2468 4397
143 1081
1008 1894
271 2506
272 3611
1900 4133
912 2383
279 285
1099 1677
1942 2056
2557 5552
629 4019
608 4291
1137 5807
271 2174
1067 1335
1900 3777
356 3318
1899 4046
2698 2699
6189 6189
4454 4454
890 2794
271 5918
572 1909
0 1739
1101 1137
988 4500
868 2614
783 1761
936 5906
783 5457
2478 3096
2392 2392
1137 2149
2392 5864
143 236
1101 2427
3806 3826
951 1137
1035 3724
868 1635
1137 4943
572 2687
2125 6112
271 2619
154 1110
365 1227
1137 5235
1988 4119
365 5472
564 912
1137 3814
2678 6527
241 2602
1652 3215
890 1137
3832 4158
783 5856
3832 4078
314 3433
747 3351
365 5282
2891 6204
2593 2593
2392 5452
783 5739
271 6124
93 3575
4072 4072
2510 3092
271 914
857 3205
4096 4099
2087 2087
3992 3992
0 1397
1406 1772
1733 4540
988 988
868 1024
857 3320
3934 4022
138 236
101 2891
1137 5520
611 2713
523 783
1137 1692
1044 3792
1464 6353
990 1322
3904 3904
2642 3832
747 1358
0 145
783 947
356 4553
0 3651
783 4997
2478 5832
1114 2254
783 2972
572 834
3794 4278
293 2766
3629 3629
2903 4904
0 3577
401 4944
328 2516
912 2955
1207 5982
365 6282
2392 6116
4974 4974
1100 1522
271 2335
5719 5719
608 4409
868 2692
564 2145
783 5546
271 5922
2088 2157
700 4177
3824 3824
365 5047
1137 6135
3660 3660
2891 5986
747 1650
743 6064
1690 1695
271 2769
868 1883
271 1777
5242 5242
279 2209
940 953
0 2891
271 1826
2776 4443
3272 3273
267 517
271 5175
3926 4324
3601 3601
774 774
895 4336
747 1553
271 5261
1320 1320
2651 2805
2222 2478
700 3840
743 4910
2225 2709
2123 5276
272 3915
1235 3247
2510 2959
174 279
271 839
93 5987
783 2266
1010 4256
1587 1599
242 328
783 3414
0 2912
2085 2394
2791 2801
272 967
81 786
912 1108
1698 3306
1008 4322
910 912
858 3832
271 5484
910 1663
686 3499
271 5372
638 5367
2085 5343
14 5906
325 539
979 1984
271 5461
985 2807
271 2372
1004 1942
4305 4492
271 3440
81 3333
2392 6178
6544 6544
1739 5433
891 5499
1422 2501
1137 3400
0 3385
1591 4544
551 736
2863 6175
1137 2385
271 2917
783 1739
271 2100
1901 4007
271 5950
1961 4329
0 6316
1947 1947
886 4382
1906 1906
564 5620
3217 3350
143 2306
271 2896
2114 5934
747 1659
2356 2356
2793 2793
321 325
906 1268
1137 2223
1012 4400
2125 5690
1335 3578
289 401
5777 5777
1212 2891
379 3987
2057 2618
272 4043
2384 2503
2168 2168
2770 4421
2516 5906
1693 3250
365 5417
2476 3433
378 2742
1137 2333
1178 1178
365 5280
1242 2891
983 985
909 2292
365 3593
572 3915
988 3829
1609 1693
1764 2474
1137 5647
572 2100
996 1037
1577 1725
625 1035
333 611
60 279
3041 3573
641 641
1782 6137
2088 2480
1137 5881
4314 4314
1356 3729
1421 6161
2088 6125
0 2318
2707 3821
1108 2158
601 3889
3517 6252
1406 2138
4126 4427
868 2407
2178 2891
2618 2803
610 5713
0 2143
273 4600
996 2009
4571 4571
1704 3362
2392 2949
271 1474
1048 3725
2395 5496
1044 4245
1137 3472
1921 1921
700 1879
271 5979
6212 6212
995 1035
4645 4645
2665 3565
2286 2891
1067 6365
1900 3755
1149 1568
241 3496
3035 3035
1137 2562
365 766
747 1630
813 1035
2675 3736
1051 5264
1137 2480
1137 2219
3405 3576
402 533
2891 5771
365 5553
1406 2458
17 257
62 6197
1799 1799
1358 5270
1692 3198
2891 3617
2043 3803
914 3774
0 362
0 5392
2104 2176
1212 1212
271 3098
2088 5143
694 2713
138 365
3382 3382
793 793
272 575
1429 1429
2891 3398
238 4910
781 1900
747 3337
565 1043
271 3617
271 1944
320 743
2709 4059
669 1591
2722 2722
81 257
365 2428
1622 4544
4385 4385
1406 5739
271 2603
2304 2326
912 2391
1507 2392
2392 5645
365 2958
5090 5090
1393 2088
3596 5540
1212 5307
783 1457
868 1541
271 5319
365 2861
344 2058
271 2399
68 868
271 1543
271 2173
783 5640
1165 2891
81 795
379 4319
636 1860
5856 5856
2698 2698
365 6262
5226 5226
3079 3079
3521 5927
4123 4140
1871 2651
365 5023
3576 5275
86 241
5613 5651
277 868
2102 2104
2022 4156
1137 2155
764 1634
2220 5134
1234 1235
2043 5499
651 4382
2891 5827
0 2929
271 1403
1137 2268
4 957
988 4259
271 2618
1902 4200
1137 1396
564 868
955 3792
15 81
2392 5737
1137 3083
1699 4652
1073 1137
2356 6266
912 4643
1137 1177
523 5142
834 2682
358 2951
3824 3918
2889 2889
1137 5467
1137 3720
228 6364
1137 2974
271 3218
4138 5499
365 5354
1130 5115
142 143
2063 4001
93 5965
1352 1630
378 2681
271 3129
356 2145
912 2988
1356 4925
568 747
769 1636
4969 4969
1406 5056
356 356
365 1406
2392 3166
243 564
1406 5165
2682 2682
564 6232
365 5938
271 5600
616 618
371 371
2717 3823
271 3597
3389 3389
257 365
0 2088
40 610
365 1073
272 834
0 105
1137 6084
143 1085
915 2891
271 3412
99 1137
365 1591
228 2516
365 2890
143 1544
2119 2437
143 2665
271 2558
1137 2387
271 2334
365 5160
62 3682
1041 2729
1585 2468
1693 2891
397 1315
3623 5137
1137 3613
271 1432
2125 5769
890 1768
1591 1702
1130 3703
957 1927
1136 1371
1397 2891
1172 1172
0 6053
2100 2614
279 2208
1036 2678
2392 3477
1137 2453
3876 4209
1008 3983
1137 5205
2135 5094
279 1204
4212 4212
0 5621
2170 3041
912 5329
1388 3895
3067 3067
1636 1641
4643 4643
271 1764
271 5174
1981 2789
572 1986
1320 4979
2751 4363
5037 5094
381 2286
1137 5441
783 5733
1703 1704
903 2022
825 2155
783 1137
5644 5644
0 1054
764 4974
17 2198
271 5042
1137 5678
2350 3144
279 948
4439 4439
378 608
143 3290
2446 2474
797 1137
2026 2616
4350 4432
4011 4011
5394 6249
1986 3968
1114 1114
608 2709
259 834
3855 3855
365 2385
372 572
1035 1904
494 636
764 3862
3924 4372
402 2593
3728 4469
3832 4128
271 5308
2706 2706
1463 2085
4040 4331
1600 4604
2891 4946
271 5352
271 1560
2293 4901
1011 1011
2114 2326
2286 6145
116 2515
271 2099
2468 4486
4532 4532
912 4922
223 1046
271 5025
1202 1202
608 1024
2676 3821
783 5293
271 1329
0 1358
271 2895
139 625
747 1658
868 1777
314 2169
271 659
1137 2511
2476 3559
1693 3298
1335 3577
107 5400
2341 5418
1137 2941
271 6328
1893 2635
2836 2940
1139 5465
523 5206
19 610
884 4189
2107 2107
271 3168
903 1922
1357 5123
257 1137
1800 2437
1526 3593
2778 3769
1815 5362
1006 3993
2539 3521
700 3923
1624 1639
868 1108
2392 5407
564 1747
365 2095
909 2297
81 1184
572 3918
272 2576
783 3457
1904 1942
680 5606
271 3048
1635 3220
3257 3257
2683 4227
365 2522
2766 4319
1653 1718
2137 2239
2736 3918
1406 2562
17 2988
783 1556
1724 3187
376 4309
2270 3503
365 2311
1235 4547
271 5398
868 5168
2069 2821
754 1895
2048 4217
1756 2254
1137 6518
1602 3312
1099 1705
1048 2004
4040 4249
1137 5956
5001 5001
912 1346
279 433
990 4152
3320 3320
271 6101
107 2897
1137 3668
4427 4512
2104 2895
271 2131
271 2824
700 4232
1553 2891
488 636
3829 3829
1137 2568
138 523
1137 4950
1942 2692
3273 4542
1137 5243
143 821
93 2385
2468 2642
518 1052
0 3048
2392 3392
271 5202
572 2067
272 2748
66 271
1714 1714
365 1497
2737 3874
377 4389
137 531
2968 2968
271 5598
1137 1710
365 5310
2891 3474
1602 3295
891 1357
25 5816
1894 4380
377 4510
747 748
747 3343
1137 1804
54 6320
1137 5547
1044 2049
912 5715
2096 5731
2007 4084
271 5667
80 2891
783 6136
2095 2095
868 2341
271 3593
680 3418
1533 2085
1137 1447
1035 2742
2341 5493
3187 3262
2647 2777
1587 4670
249 279
271 3503
336 611
1597 1597
857 4638
1176 1177
377 4055
3851 3851
1008 1896
2330 2330
1942 1969
905 5678
507 881
2534 2534
783 5641
271 6037
1130 2318
2085 5509
143 1541
564 5489
5705 5705
271 5916
271 1363
4123 4139
93 2838
271 2941
2733 3832
409 523
1073 5727
700 1968
1024 3904
365 2635
303 690
313 314
271 2845
2468 3601
1137 2154
2828 2891
143 2114
4040 5321
145 564
2700 3872
69 99
14 271
1745 2122
0 1201
2618 4359
299 551
1258 1406
1881 2991
857 3364
1206 1206
3801 3861
756 910
1472 1472
1652 3217
5420 5420
1320 5158
378 3956
1872 3844
2618 4224
2891 5553
365 5353
271 6122
272 3889
3427 3427
271 5018
143 1325
783 2464
912 2186
365 1408
1587 1591
1042 4098
0 675
409 1318
2088 4963
45 81
271 5599
356 1719
4557 4557
1067 2882
3828 3828
1320 2390
314 5356
358 5517
2921 2921
1013 4200
0 5006
1872 4255
271 2550
751 910
3252 4707
1137 1192
271 5573
276 2392
516 7663
5183 5183
2635 4319
3210 3226
1950 1984
94 257
1942 2974
0 104
1059 2125
1947 3615
1130 2919
4379 4379
107 6221
2125 6279
271 5347
1067 3483
356 3182
890 2077
1942 3760
783 5510
236 2891
2903 5138
681 2468
1353 3317
365 5156
1137 1907
2872 5724
1139 5950
1191 5391
1137 2322
2640 4893
271 5803
271 1325
365 2891
2082 2082
1137 5001
5918 5918
2085 5231
762 1635
1743 2140
143 261
81 2306
3597 3597
365 1183
608 1872
783 5907
3210 3229
2618 4356
271 5173
1024 2751
1251 2891
365 3046
764 3228
0 1499
783 3625
365 5388
626 4496
1027 1048
914 3792
3220 4611
0 1426
1872 2676
3435 3435
271 5151
1137 5358
749 1663
331 341
271 6151
1006 1035
1357 2135
4915 4915
1568 5906
2683 3890
1357 3563
0 2480
3792 3996
271 4944
1871 4379
2780 2780
912 5782
1067 5390
1230 1230
1130 5270
24 116
1346 3247
564 1480
1035 2991
365 3466
93 138
572 810
271 1078
271 2470
747 3221
1969 3753
957 6523
2888 3517
1767 2117
962 3954
5020 5020
3900 5177
0 45
1137 5959
671 2622
81 3237
365 6307
1695 4601
896 2690
1690 2760
271 4284
5984 5984
2088 3098
271 1272
912 1233
1137 2318
3473 3473
2706 3733
2512 2537
1352 3560
2875 2875
1038 2891
1137 6131
3832 6547
562 636
2670 3809
1130 5482
93 5038
1137 4973
783 5337
2085 3573
2891 6118
491 636
2293 3531
2085 2085
2085 2268
93 6291
3687 5670
1137 1191
1893 2636
913 3221
81 110
868 1325
3288 7702
272 1883
2676 4305
271 6301
551 558
279 559
1259 5432
1038 1038
2012 3749
3232 3232
271 4988
365 3589
2618 4253
4201 5391
365 908
365 1430
2468 3074
2891 5820
1137 1753
81 143
1882 4147
3908 4305
1137 3036
895 988
271 3568
272 990
6202 6202
783 1345
696 1006
145 257
271 5397
279 395
2891 6327
2365 3427
638 1137
1015 4285
279 424
365 1024
1353 2841
1008 2891
783 1241
376 2684
5756 5756
1421 5248
1137 2354
271 2938
143 1406
257 2212
365 6111
271 5978
356 2990
62 840
271 2823
143 223
912 5628
859 6064
2592 2891
1097 1137
107 1235
2789 2789
93 1508
992 4130
1137 2486
769 4609
1137 5242
2309 2309
2400 2420
5048 5048
3240 3273
601 2680
2777 3952
125 279
71 271
272 4110
958 4028
365 3113
0 5794
365 1565
2709 4245
325 3478
3238 3238
1944 2008
272 1909
271 5094
2125 5419
271 6117
3866 4191
565 808
271 3097
271 1656
978 4148
271 6212
2468 3832
1777 5390
314 5562
912 3693
1408 1739
4286 5391
747 747
912 5829
572 3758
747 3342
2053 4330
1616 1616
5816 5906
0 5100
1335 2992
526 3504
1653 1694
271 5666
783 6143
1597 4630
1011 4394
2015 2015
2713 4382
0 5029
0 2115
3285 3285
833 927
912 2377
823 832
1137 3525
912 2381
2392 3458
0 3571
81 5906
271 5317
271 1008
988 1998
958 4221
143 1130
356 3205
912 941
507 880
3873 3873
2903 3206
271 6036
1137 2418
345 986
365 5152
401 542
1871 2650
1008 1012
365 5042
912 1205
0 1755
271 2844
1319 5547
115 365
1002 2750
365 783
145 607
1137 1399
2627 2627
1243 1961
1137 5214
777 4004
1959 2468
1130 4911
608 1944
857 3365
3288 4572
777 1343
764 3209
1161 2938
3708 5499
2478 2485
2392 5917
1130 3110
1137 2957
365 5355
271 6078
365 2136
3517 5818
1137 2884
1946 1946
0 2585
271 912
143 6231
769 1634
271 3024
1397 3562
2637 4021
1137 5617
2713 4319
365 3448
3187 4566
1160 1527
365 2088
271 1969
1137 1406
868 1319
2872 2872
797 3832
1406 1430
3380 3380
1901 4257
1390 1390
1035 2033
271 2549
350 2928
599 4241
4166 4230
3502 5731
1015 2065
914 3967
581 1373
271 2448
3210 3225
2056 2675
271 2243
143 1084
1553 6039
680 912
1010 3819
2303 6028
365 2892
2808 2808
1137 3431
1130 6020
1499 2421
3187 4665
365 5155
1909 3719
1041 2725
271 2095
1921 4020
2437 2891
777 1942
2125 2891
365 5044
783 5432
1137 1139
564 3627
2903 5208
1861 2988
1137 5000
912 5553
912 1904
3477 3477
625 4321
4379 5569
365 3171
2700 4123
0 3018
783 5908
957 4116
381 5783
1137 1544
271 5259
365 2170
97 143
957 4280
1959 2017
821 840
376 4223
1137 5357
1137 1319
2891 5439
3159 7657
271 5040
133 539
143 1343
394 2928
681 681
2966 3963
6063 6063
1728 1728
271 4943
1011 3856
116 143
356 1682
145 912
365 2392
3931 3931
1137 2993
564 1343
1137 1745
564 6023
271 5392
1782 5913
4207 4207
317 827
783 2953
2056 2707
379 6544
2125 4936
365 2930
2098 2114
1201 2549
0 2333
1733 3281
279 452
271 1559
909 1212
1199 5401
3826 5741
1137 2364
783 5409
271 5947
382 4315
271 4176
1641 4611
146 2988
238 2468
1352 3561
271 1343
957 3852
1591 1678
912 1944
857 1082
747 1624
1099 3195
783 5338
2614 3713
2540 3592
1137 4898
2891 5779
1137 5184
1893 2637
2379 5507
6131 6131
1137 1541
271 4630
271 5196
3826 4031
1116 1137
2085 3001
0 5475
731 2891
1137 1201
1745 5474
344 3719
564 5213
1137 5410
72 912
572 1893
551 557
365 5308
3233 3329
271 4987
2392 5408
271 6179
564 3010
912 1525
271 3147
992 992
365 904
2474 3313
2512 3071
378 572
758 3211
1620 1635
5532 6286
1137 3035
1942 4201
2043 2677
783 2203
81 269
1871 3809
162 279
271 3567
564 5925
857 4566
257 5906
1381 1381
1358 2347
271 2597
2468 2474
2938 2938
271 3479
2709 4065
2510 2571
1040 2796
376 4404
656 2828
2706 3074
0 36
1041 4147
135 2510
1051 2374
564 1406
365 2831
365 1260
942 942
783 5550
1575 1591
1422 3099
2573 2573
572 2759
271 2839
118 120
365 3661
3832 3835
859 1182
2307 2891
2694 2822
3020 3020
1251 5665
957 3757
868 3144
1137 3425
365 5589
145 1528
104 3187
2392 5702
81 566
1137 6342
747 3541
783 3020
271 1745
3832 3971
1343 3132
271 5200
1067 1388
3273 3276
743 1228
279 484
599 912
3918 4513
2891 5480
2125 2175
1137 1488
1243 2136
143 680
271 6116
2451 5225
2478 5720
746 5731
271 6211
53 271
365 917
1011 2678
3563 4931
2400 5543
2709 4075
2510 2935
36 1798
1137 1688
1137 2363
797 3858
1137 3017
365 5793
1343 5349
591 1158
3210 3335
271 5542
706 988
2516 5295
564 6030
365 1119
145 1107
833 926
859 5682
766 3218
1081 1464
272 372
1370 3197
2468 6518
1051 4416
2311 2311
5741 6217
1942 2059
271 2397
507 879
271 1541
271 6035
342 523
2085 2891
2733 3977
1048 3804
1352 3611
1390 1391
1641 1666
1011 4214
314 3123
1008 1013
66 66
1137 3697
4305 4305
271 1458
4898 4898
271 5798
2468 3931
2455 2891
2088 2986
271 1219
657 2891
1137 2541
365 785
967 2618
143 269
2678 4239
564 3411
145 606
1024 1352
1051 5026
1348 3607
1995 2991
1223 3185
81 546
72 143
2017 3848
868 3541
2125 2582
1900 4068
857 3366
996 4178
764 3210
868 3693
2392 2444
271 1709
81 87
1137 5447
1352 3769
1764 5563
1137 1471
523 526
3517 5819
271 3658
4046 4118
273 1582
52 2143
271 5016
1397 2067
680 1116
912 5869
0 2218
1901 1901
1024 4086
2125 5627
2088 2521
368 2012
2049 2709
680 2240
700 4114
1067 1067
868 1320
1137 5524
272 1008
629 4353
3114 3114
1704 4578
868 1370
2678 3966
1335 5462
365 2353
1008 2044
2742 3873
2425 5401
365 1139
2341 6361
5231 5335
271 3763
344 1910
1915 1915
868 2410
378 1942
3975 3975
1192 1419
2392 4909
1237 2841
1346 1615
2286 5920
783 5627
610 2152
279 479
271 2427
2088 5801
271 1544
888 4058
365 6305
3205 3205
1137 5896
2412 3563
610 2249
314 3169
1499 2422
271 2333
3792 3883
700 797
1704 1704
2679 3832
834 1035
143 2451
271 5828
271 2863
4486 4486
5065 5543
271 5687
69 81
1137 1432
271 1774
2668 3818
365 1250
271 5775
271 591
1756 5733
1137 1213
1371 4550
46 1591
2891 5607
1236 4964
271 1761
376 3792
1715 2145
365 3068
5231 5231
3728 3850
1160 3145
608 869
365 1539
1137 5445
271 6268
2104 3595
1008 4643
1893 2638
382 2056
271 6150
314 2382
988 4437
783 3477
1137 1656
1632 1632
3247 3247
344 3958
271 1909
783 5195
2091 5816
382 624
0 4962
5304 5513
271 3670
783 5232
868 1335
2125 5516
2384 2891
3276 3276
890 4120
365 792
1346 3249
1335 2874
783 6188
271 2577
1702 1702
143 2891
271 5391
672 2341
378 4207
302 1539
3745 3832
761 1662
3273 4688
59 564
3273 3367
2516 6045
143 365
365 2927
680 5200
1137 3486
5301 5306
600 808
868 2836
271 3438
1762 3074
400 574
1041 2793
107 6325
120 5306
271 6066
1163 3301
2516 6296
874 875
3621 5858
271 4485
271 4175
1137 2301
2043 3736
960 2022
365 1357
1137 5056
271 5831
1907 2468
599 1406
271 2892
3041 5679
11 257
271 1390
747 1623
3877 4021
1099 3196
1357 5927
271 5717
277 2474
1702 2474
5424 5424
1137 4897
0 5413
783 6056
3214 3214
1899 1899
365 3176
1745 4920
914 3851
120 868
956 956
1137 2737
1137 1530
4306 5569
912 6072
1163 3252
3792 4349
572 1896
551 556
2114 2601
271 3070
1137 5326
700 2786
365 3591
868 2237
2063 3782
1872 4042
2392 3040
1137 3128
1353 1382
236 912
52 783
2721 5499
564 1635
1137 2052
2223 2384
783 3472
2699 4188
868 2102
48 48
3296 3296
697 697
356 4579
2614 2772
1942 4286
271 5512
958 958
1568 5368
271 2596
3736 6523
365 587
3724 3724
2559 2559
26 747
0 2145
271 2266
626 3735
683 683
279 422
271 2392
267 271
138 4238
4153 4417
60 2988
783 5676
271 6001
279 301
564 2495
279 437
372 1965
386 551
271 6098
271 1352
2392 5115
365 6143
777 1908
271 4911
257 2214
912 2886
314 1160
759 761
2478 5222
985 4254
764 4307
747 774
608 1049
523 541
783 5270
3924 5499
1095 2863
1635 1642
100 143
145 570
271 672
1160 3050
783 3070
2742 2799
0 2845
107 2084
3923 3923
785 2305
1881 1942
358 2847
2125 3407
2668 3893
868 1051
3702 3702
1268 2085
659 1081
2891 5167
912 2235
2392 5420
271 3095
572 695
11 109
5580 5580
1335 5587
1808 1808
1004 1004
1591 2114
2903 3374
680 2410
4069 4069
857 3283
0 2397
747 3340
271 3613
385 3741
335 611
1108 2376
2386 3638
2863 6039
1981 1981
382 608
3845 4096
1523 2510
1137 1453
48 66
2392 5479
2991 4064
2093 2392
1067 5349
2085 2306
1792 3051
2891 5043
711 885
1137 5697
1777 2016
914 4398
3734 6518
4038 4305
271 3406
6091 6091
2891 5860
2100 2474
1137 6026
271 2422
1137 3453
271 1540
143 2614
1406 2470
2052 2052
5160 5160
1158 2156
358 6307
856 2293
1137 1916
564 3545
2601 2601
762 3343
271 2939
271 3608
4221 4221
783 1760
365 1766
271 2150
377 3929
1172 2510
271 5887
19 279
783 4983
271 1420
1035 3720
1137 2272
271 728
1629 1635
1137 2460
271 2614
909 5077
376 2667
1006 1024
2474 4643
2182 4896
1223 3186
1739 2151
1652 3354
365 5471
1130 4909
1900 4069
1315 2384
271 2438
2891 5660
271 1708
272 1966
365 3665
747 3353
3220 3220
564 833
1243 2235
365 1472
365 2138
271 3125
365 6070
130 358
382 1942
1137 5289
1825 2478
1013 4472
896 1979
1051 3135
1492 5104
1469 1469
236 2201
377 1990
1959 2045
271 5597
3799 3799
0 5078
3720 3809
890 4149
1031 1031
5733 5733
1011 3795
1808 3238
1235 4676
572 3992
1764 5482
2017 2725
783 5048
1008 2724
958 3858
2819 3832
3793 3793
1011 4408
1872 4477
1137 3505
271 3435
3596 3596
2039 3831
868 1201
365 2886
1825 1825
271 2426
4305 4358
1889 1889
236 562
410 2459
271 6063
273 4696
356 3291
1343 1429
807 4319
1137 6229
912 4917
4305 4519
1137 3617
271 1429
912 5588
3241 3284
1591 1698
1137 3544
747 1652
1008 3791
764 1659
1160 5090
2295 2295
2468 4040
564 2398
0 1600
2254 2594
271 5774
5241 5241
1702 3329
957 3803
1114 5085
783 3150
0 2894
1006 1006
3947 6550
651 2713
1234 1364
551 4319
1133 1133
1137 1547
2709 4286
2125 6074
365 3067
764 3223
271 3162
155 155
498 783
120 2125
3832 4219
1137 1318
868 3517
783 3483
1110 5710
1901 1942
1987 2776
271 5039
2054 2699
3454 3454
2125 2379
1116 3501
271 3042
59 81
678 2392
4111 4209
0 5241
2468 2615
1976 2706
2867 2891
271 5628
914 4171
3041 4967
4014 4014
785 1137
783 2182
75 1137
753 910
4611 4611
365 1143
995 4436
0 819
271 2468
783 2954
38 1093
976 4233
1727 3256
2343 5073
2891 3021
271 988
1011 4433
2891 2898
1802 2891
344 2000
1137 3482
1048 4454
564 5782
365 6344
1553 3655
3926 4392
5445 5445
4469 6531
1137 3401
859 2532
2298 6076
1137 1969
365 1991
564 1459
271 1492
2891 6073
3112 3112
1067 3087
2286 5260
271 2982
2392 2854
365 1356
783 5305
748 910
1348 1348
271 2891
271 1389
3968 4267
747 1622
1506 2436
1099 3193
271 5716
572 2699
93 2305
2137 3177
0 2961
749 1137
564 5379
523 591
3997 4470
868 3579
1887 2618
271 726
271 1786
1236 3408
143 1909
783 3029
3330 4561
700 2642
2063 2721
1965 4226
785 5197
1591 3923
551 555
233 2631
2728 4023
0 1104
0 5758
2700 4195
263 1382
1067 1769
1792 2891
1137 2565
2125 2126
868 2238
747 788
747 2114
1160 2902
1573 1591
271 1399
306 2561
62 4975
1196 6203
271 3672
2433 2468
358 5552
81 261
1011 3739
783 6275
6075 6075
2114 4901
957 2705
1441 1689
730 2914
1137 5794
957 4398
2114 4925
0 849
1137 5700
912 5168
378 4227
138 1492
272 376
4377 4390
1959 4029
1236 6019
271 2265
2088 3415
865 3790
365 5648
523 912
279 415
572 4203
1877 4342
3792 3793
365 1255
271 4428
1130 2333
279 436
271 2309
366 3989
1353 3203
888 4066
5296 5296
766 766
271 6097
1136 1222
2125 5126
1809 2392
834 4196
990 4240
272 2225
2839 2839
5818 5818
271 2837
1137 3566
365 1318
1364 4682
228 2330
912 1969
1635 1643
990 5314
3187 3263
1335 2592
365 2270
3069 3069
179 279
5482 5482
271 1744
271 689
868 925
1949 2022
912 5273
2252 2392
271 3296
4148 4258
2341 3669
3720 3765
271 6235
272 2726
271 3187
611 4129
271 5117
523 536
3804 3804
564 4971
1335 5586
4356 4356
513 5350
81 5132
1173 2384
783 6328
1745 3151
3776 3776
2392 6049
2125 5645
365 5512
271 3697
1235 1714
2007 3764
272 914
271 1113
302 2468
271 3591
1035 4643
1343 5677
271 5541
1212 6162
365 2331
350 3002
60 1211
4440 5569
107 6119
1013 2627
397 523
2085 5278
912 1764
238 2382
4305 4460
271 3405
4191 4501
2223 3480
1318 1318
344 2061
271 2421
1160 2382
2468 4524
4143 4143
1137 2416
1268 1268
564 5485
3409 3517
3074 5058
107 2871
409 907
783 5462
1137 6165
392 551
564 5675
1137 5005
116 5145
365 4932
1035 3719
1130 5567
0 3114
2771 2774
2468 3736
2667 4224
636 2191
4261 4427
783 5940
564 1051
3832 4018
2151 2151
2392 3404
1663 3333
2709 4311
5451 5451
764 3212
241 1137
365 5461
1343 2101
2474 3186
365 3664
1137 2960
909 4953
87 143
783 5749
358 1565
26 912
2387 3083
271 3124
1584 1591
523 1335
1710 4562
365 3556
271 3022
0 2523
1421 3393
74 74
1006 2070
3596 6049
271 3640
365 5937
1137 5522
2429 5941
1406 1432
973 1137
1137 5852
62 62
2699 6526
271 3452
365 1140
271 5570
3621 3660
107 2602
2251 2251
909 5932
224 4473
5339 5513
1421 5069
2891 5217
2562 2891
834 4407
120 2889
1370 1601
1553 5223
68 2085
238 308
271 2425
271 1558
5762 6011
93 5565
138 2474
271 6062
498 2210
990 4212
1607 3186
3986 4377
1137 6236
2891 6092
834 1040
271 5826
3270 3273
1108 3558
1137 2594
271 2861
700 4193
1352 2019
888 3879
279 2202
868 1811
2828 2828
1421 5429
2516 3645
273 3181
93 6179
1137 2183
565 1984
1438 2122
997 2789
1388 4283
1130 3697
1764 4923
365 5503
271 5170
912 3585
2710 3832
2891 5182
1975 2614
271 3161
785 5219
747 1533
2891 3670
365 2165
1137 1795
272 2692
1745 5681
785 5366
5877 5877
376 3820
1525 2235
223 2631
747 1268
272 2647
2478 6168
312 539
385 608
1160 3426
2585 2585
5496 5732
1745 6085
1137 2556
271 3041
365 1274
591 1137
864 6533
3904 3948
1140 1140
868 2123
1137 5490
680 5053
1942 4168
2891 5792
783 5125
365 1764
783 1359
783 6190
365 2380
912 2451
2668 2811
591 710
1117 3333
1406 2173
2085 2504
1130 2975
271 2366
783 2901
0 3479
0 61
271 937
279 455
996 1956
868 2968
271 6093
271 1347
564 1460
1137 2361
271 2912
2872 5696
783 5418
271 5944
1137 6205
0 689
271 365
1406 3604
2709 4453
143 2474
3733 3969
584 5067
1137 2575
2891 5958
21 5375
410 523
6028 6028
271 5715
379 3811
4146 4146
358 5781
1942 4059
747 868
145 591
128 912
277 3595
758 758
638 3122
0 1553
1137 1529
271 5193
3832 4036
271 3182
608 890
572 1897
1137 1347
551 554
2109 4937
244 244
1137 2938
38 143
0 2547
1069 1108
365 1160
116 116
912 1533
271 2998
783 2219
609 2468
1137 5656
1196 2328
3021 3021
1130 1760
1346 1793
783 2356
0 4973
1137 3040
1137 1782
3845 4098
224 4273
46 271
3621 3621
365 2326
2468 2471
18 3469
271 3477
797 903
61 271
2098 2098
1462 1825
271 5393
2510 6198
271 2264
92 1635
271 5279
5169 5793
271 2391
2318 4903
912 5045
2125 2943
564 1056
2104 3118
18 5906
638 5670
990 4242
365 5109
372 3708
1981 2697
365 5410
2012 3973
1037 2022
764 913
138 626
365 1320
1252 3593
4386 5569
3872 3872
365 4913
2125 2181
1553 1708
1012 4366
2474 2871
572 2670
385 1942
811 2706
1352 1942
659 2353
1137 1996
769 4613
365 1220
909 2135
1458 1492
138 1024
119 358
271 1743
344 345
365 1165
385 2731
2903 4673
1268 3684
358 358
608 2007
271 6234
365 3012
2392 3619
1130 6113
271 1591
680 2909
2700 5499
2173 2474
912 1544
1137 1721
2676 2676
365 2119
143 2286
2891 5303
2125 2220
143 3333
365 6052
905 5224
857 3284
564 3131
20 81
826 827
1137 1807
356 1726
1011 3918
1633 1659
238 3699
1212 5595
143 3130
271 5663
1528 5543
638 5233
1137 1680
572 3883
271 2546
271 3590
868 1492
2177 5345
1035 1969
271 3501
3496 3621
3014 5065
1000 1048
4019 4019
1553 3130
271 2522
3385 3385
1406 1567
564 1186
1695 4659
783 5605
271 5313
2392 5262
271 2420
238 2295
1591 4560
6250 6250
988 1885
2772 3903
3792 3891
1320 3023
914 1942
1137 6262
2104 5241
1591 1605
3041 5811
1130 2224
2736 2736
271 2840
747 761
1041 1041
1582 1591
365 1335
1553 5700
271 5886
564 3700
0 6176
2017 5741
0 2924
4116 4116
808 4319
93 5085
747 910
2012 4135
2392 5677
1356 2700
1137 1401
2606 4667
228 238
1137 5217
761 761
272 1322
4111 4111
271 614
758 1656
272 4136
3769 4190
365 3040
272 1971
271 5227
572 2037
5063 6108
2137 3634
2363 3521
2638 3952
2114 4640
2095 2891
271 6144
5183 5809
1081 1081
1137 2888
13 143
271 5014
564 1792
1352 2755
2022 3979
271 5707
1137 4292
783 2373
2589 2589
405 509
2254 5327
1335 3003
2085 2430
783 933
564 4539
4165 5499
272 865
271 1114
279 1103
1984 1984
912 1383
564 1358
365 1137
1790 1790
1032 2769
912 1024
1137 4928
2114 2280
1602 3293
2468 4466
983 3830
2194 2988
572 3948
1137 2063
455 2988
1901 3793
377 3793
62 5967
271 2424
36 36
271 1557
787 1115
1137 5901
1970 2648
3693 6112
1137 2392
2088 5712
325 5059
2085 5149
3973 4104
3074 5035
1704 1707
1871 2622
2107 2827
1419 2417
272 4414
223 303
2676 3902
1602 1602
988 2724
3802 3862
912 1901
116 2092
857 3271
72 5856
2085 3142
2424 4966
2392 3484
497 636
785 5005
1022 3894
521 4194
5977 5977
1680 1680
1352 3319
365 1547
365 3069
27 1325
783 3629
572 618
271 5255
743 5003
608 2056
572 1915
3152 3152
957 4242
81 1792
228 309
745 6008
271 6147
4065 4065
135 135
1137 2859
2891 5436
700 3955
358 5358
271 2228
2709 3799
2392 5288
1467 1592
1137 3944
279 632
572 3728
2155 2155
868 2478
1111 1137
271 1906
2163 2392
231 1137
3917 4370
1480 6336
2395 5699
2384 5577
3845 4099
122 228
271 314
785 5629
1139 1422
1547 1547
3074 5450
1906 3833
271 2575
6160 6160
3350 3350
271 5388
365 2293
271 2467
334 611
2282 2282
2878 2878
1492 2194
356 3367
365 2928
1137 4694
2822 5499
271 3436
1406 2412
0 60
285 1863
608 2301
271 2282
575 981
2687 3809
0 70
2125 5144
1137 2368
271 2911
2892 2892
1137 1884
788 1642
271 1270
4328 4328
659 5160
1137 3461
365 1358
3683 5850
271 2889
308 365
1959 2671
747 1628
271 1254
2642 2642
1033 2795
1137 1421
224 4011
608 3611
271 599
1370 2474
4261 4261
289 396
608 1901
2627 4305
365 3102
271 5122
356 835
2891 3623
783 5869
977 2031
365 2988
1041 2010
1584 1584
551 553
1406 2580
365 2090
912 5936
783 2578
2125 3117
271 1811
2891 6194
271 2043
1316 1316
1137 3125
783 2252
783 5174
629 4392
1547 6240
2052 2814
564 783
3845 4097
30 357
365 6165
574 2891
3557 5164
1343 2392
94 920
2891 4984
1441 1603
5517 5517
680 2439
4412 4412
1008 2654
2815 3725
1356 1745
572 4165
641 2748
1099 1099
271 1526
2494 2494
630 809
271 5999
1137 5931
583 583
1031 3792
271 2307
1137 1947
608 1004
2752 2752
2757 4003
741 914
365 523
2468 4903
271 5975
912 5635
2089 2089
1137 3564
365 1319
1137 5032
4255 4255
3801 3938
1024 6532
1635 1649
1035 3753
365 1311
3187 3261
3517 5305
2614 3908
3211 3353
4219 4219
0 3130
1137 5244
222 279
868 914
2700 4390
1872 4356
271 1742
272 4087
1213 2117
1472 2125
4512 4512
1704 3372
271 6233
365 3011
93 271
783 1118
2891 5385
5342 5342
1137 1720
2104 2329
271 909
1137 1267
1090 5202
2468 2878
1235 3298
1906 6516
271 4917
1137 5623
747 749
271 312
1213 1463
3298 3298
3166 3166
783 6258
138 2125
46 1370
358 5493
2468 5602
1137 5854
365 2349
1035 2039
271 2545
1343 2838
0 2183
2891 5139
912 2492
785 5765
1010 4039
376 376
1099 2474
0 2307
1346 1712
138 1954
271 2443
271 3500
3154 3154
1667 1727
608 777
2272 3005
2474 3654
2772 4358
1024 1959
3041 6058
325 5682
1695 4660
36 2988
356 3188
271 2419
138 1343
143 1553
271 1538
365 6270
2043 4403
2392 5126
3210 3342
912 1358
762 3224
1356 2554
271 1488
2876 5530
564 2114
271 5911
271 2955
868 2665
1547 5617
271 5181
3541 5301
1745 3526
2804 2804
2494 5396
564 2327
271 2858
2468 3566
1161 3005
859 2330
1137 2136
988 2699
1137 2545
1680 2903
365 4933
1137 2254
271 5768
4432 4432
2496 5094
5819 5819
2606 4668
5731 5906
73 1268
2131 5094
271 1756
2157 2517
2468 6140
1921 4397
365 3035
272 1969
143 591
1320 5150
3283 3283
1893 3933
271 5119
271 868
2392 5446
1137 2603
680 5265
0 1130
868 3491
3187 4555
279 2011
271 919
2668 4410
1137 5692
5670 5670
107 3504
912 1492
783 2963
271 4919
1370 3208
2678 2811
5836 5836
4260 4260
4565 4565
2222 5608
377 4271
764 3192
3707 4257
1871 3717
3201 4702
912 2526
5013 5387
1048 2817
246 279
496 636
1872 4250
271 2570
572 3993
92 759
0 3620
385 572
1959 3927
4350 4350
749 755
4344 4486
1006 2761
271 2360
385 1009
279 469
271 2423
888 4047
988 1918
359 2088
0 3406
271 5345
271 5940
1641 1641
1421 5198
314 3145
1893 4243
700 4169
1137 3621
1782 5440
271 5825
3241 3256
143 2125
2088 5524
1463 6000
1137 3541
767 1666
1137 5970
2453 2468
279 2204
1137 4903
3736 3823
365 2244
1699 3186
0 5920
267 398
271 2644
1897 4005
1352 3826
1013 3994
365 2232
1371 4546
1760 5592
365 5497
1741 4338
1652 4609
1891 3889
4148 4261
572 621
1137 1492
1137 5422
833 868
378 3877
1421 5704
1406 4906
2618 4151
1704 3239
1421 5822
26 868
519 689
100 360
1137 1365
1358 2469
2891 5352
2891 3445
5784 5784
1137 4261
54 271
5169 5169
1959 2020
783 5098
271 5625
356 1690
2015 4349
1137 6250
912 3517
833 1137
1008 2737
641 2631
1591 3264
1370 4544
1160 1387
949 1137
271 5273
1137 6061
1704 1705
2891 6235
783 2861
271 1524
1370 1579
365 6342
905 1137
365 2828
271 2281
651 1045
356 3267
4077 4077
271 2123
271 5971
406 2872
47 1013
2088 5590
1259 6225
1137 3593
365 1353
1137 5034
2412 2482
700 2009
2892 5610
3035 3112
5305 5305
978 5499
700 2022
2239 2242
868 1909
1136 1712
3753 4305
72 135
912 5461
107 3126
1891 2668
1100 2497
272 2039
356 2468
272 4166
784 2510
365 5423
365 1559
1177 1534
1137 1159
2687 2687
2990 2990
783 3701
365 5411
572 1899
2222 2510
81 2936
761 3339
0 2545
1764 5658
1782 1782
1256 1256
3792 4075
996 1043
272 3784
238 3433
271 4964
2345 3173
1406 5208
271 3693
1564 2891
1901 4304
30 358
2012 4220
0 5161
1647 1652
912 1419
2804 4129
365 365
271 3564
365 6199
857 4558
379 956
783 1346
914 4508
1815 4939
912 2474
572 790
2811 2811
2891 3074
761 1107
272 377
1137 3163
4891 5692
525 2495
1160 2476
1942 2067
379 1137
401 1241
958 4144
2615 2615
3765 3783
1137 5937
2309 2891
972 2690
2891 6076
5734 5734
271 1470
2726 2726
1649 1652
2898 2898
81 936
1008 3883
271 2126
278 1038
1137 6173
1137 2280
271 2835
2706 5123
138 624
2476 3050
271 1213
1670 3187
4230 4230
271 1397
1981 4694
2220 2220
143 257
1589 3187
312 2382
2512 5183
895 1917
518 2593
1483 1553
5864 5864
2358 2891
2170 2170
0 1218
3950 4313
584 1563
385 2733
3811 4322
1137 1183
1464 6091
0 5811
2392 3397
1012 2773
1137 3886
2706 4186
1022 2801
72 6104
271 6232
2461 2474
272 3995
680 1444
787 5543
271 6114
572 3864
5608 6198
107 5734
1108 1137
2891 3457
1335 5583
54 5065
271 6207
769 1619
1871 4310
912 5368
1357 2496
868 2254
846 846
365 3519
783 2485
4289 5741
271 1961
2128 2128
377 624
271 5589
3707 4260
580 834
271 5661
81 5266
1421 6127
985 2797
890 4065
743 2169
1266 3178
271 5539
271 1051
1530 3324
2738 3832
2286 5824
0 2085
271 3499
365 1116
2363 2363
3023 3023
1008 1872
1906 3839
0 3566
6 1551
2341 2348
1048 4495
271 2168
5217 5217
1321 1864
1882 1959
1218 1218
2891 6313
523 2254
572 987
271 5910
523 833
2704 3736
868 1764
1163 1235
2678 4444
2787 3765
2297 2297
1137 2278
1130 5026
1237 2468
2903 5064
2759 5499
261 3333
3826 4334
2676 3778
3736 3792
271 5767
1108 2435
273 3265
747 1698
365 1178
3529 7625
1529 5924
143 833
1011 1878
2059 3792
2927 2927
326 5684
279 1861
271 5250
2392 5908
1137 1363
138 2254
0 1108
1010 1011
1893 3934
1051 2891
289 1051
2007 2756
1811 4383
1745 5339
271 1510
1091 2891
912 3004
366 4069
857 3201
2481 2891
382 1913
275 4110
2356 5352
1137 3074
3728 4142
783 3442
271 1963
271 5593
1130 1787
1040 4163
365 2474
372 616
608 2692
1963 4046
5486 5486
271 3540
1137 1235
0 2286
271 5472
2286 2382
20 584
271 2569
1745 5837
564 1352
365 1138
312 1160
868 1358
271 1054
169 279
1137 6092
238 5316
4108 4108
1370 4639
709 833
772 772
1567 1567
1024 4046
271 5343
4417 5741
3802 4021
238 306
365 1444
5820 5820
564 1437
912 1320
1260 5851
1967 4301
2126 2392
3820 3820
2468 4013
775 1698
2903 2903
143 2440
1764 2234
747 1642
1137 2114
399 523
3256 3256
272 4378
2512 5212
0 2976
1136 1679
1051 3415
1406 2901
1137 1255
77 4319
2272 5054
1130 5636
143 2391
2717 2717
365 1544
1137 5106
909 2468
138 2224
0 1165
271 3158
1683 1683
2478 5433
1804 5906
1137 5007
797 4177
913 3354
1137 5340
1541 5111
813 4382
376 1876
1235 3251
271 5036
3199 3199
271 3039
3187 4684
747 1343
1132 2343
2468 2679
271 3666
564 6252
2662 2662
271 5624
1137 5495
783 6310
564 2891
0 949
2093 2380
1137 2995
3474 3474
271 273
1061 1061
1991 1991
2991 3885
406 523
271 5272
2705 3792
356 3243
2070 2070
141 143
988 2046
272 275
379 4181
271 2280
1739 5329
912 1335
1137 2366
365 579
365 5084
1035 3958
1137 1882
271 5970
1051 5483
271 362
271 2979
1160 5549
608 1031
1352 3557
365 1352
3491 5392
5095 5387
271 2887
1571 2468
325 365
792 4677
2554 2706
365 3206
1137 2491
2752 5499
3792 4212
0 3140
1212 3177
4501 4501
783 3135
0 2868
2502 5884
1683 2706
990 3851
1421 3122
2733 2733
81 108
1137 5104
2392 5952
3237 4539
1792 1792
271 3180
1873 2751
344 3724
271 1733
2125 3528
2145 2891
2891 5395
1051 2873
985 2042
1944 3715
2884 2884
2044 4324
783 2573
2700 4314
1893 2717
2706 4434
271 2224
1721 2145
314 2295
5865 5865
279 614
1352 1467
1959 3847
868 988
611 2669
272 1004
1982 2618
1137 3677
518 5728
1625 1652
3908 4357
271 1099
238 262
783 2282
356 4589
797 897
2890 3517
1137 6058
1652 3352
783 5039
365 2954
271 2495
2344 5731
143 2928
1108 1405
3528 3528
279 418
912 1740
507 870
912 2286
1186 2891
271 1469
914 1927
783 5561
271 6094
1562 5747
279 1495
137 271
1137 3650
890 2137
107 5130
306 5443
864 4134
138 1130
868 1969
764 1701
3187 3259
912 5502
2891 5842
783 3079
3218 4335
2220 2578
2392 3565
138 1030
6255 6255
1952 2022
745 745
1179 2085
316 2516
3004 3004
271 6231
93 3494
1771 2478
783 3672
2392 5165
365 5344
2737 3882
1881 3728
3365 3365
3289 3289
1661 1661
400 6044
3875 5741
1160 1160
1603 1692
378 591
747 3220
6041 6041
1110 6077
3187 4537
1904 1975
2392 5298
2037 2037
868 2439
2022 2022
919 5861
1959 4131
3517 5515
2392 5619
1343 6098
1067 2865
1421 6128
1492 5207
1235 1611
1189 2439
2811 4305
1587 4691
760 3220
271 3498
312 5530
2841 2841
271 2521
365 1058
145 375
4040 4276
33 143
3187 4543
1352 2297
0 3518
271 2167
747 1051
271 6030
379 4339
2891 6186
572 4372
1942 3728
241 5493
271 5909
77 1930
1421 5212
2359 5140
518 2742
1356 4198
2468 4968
811 1356
271 2159
271 2857
764 1640
1099 3239
402 1151
0 568
2137 5595
2494 5289
1959 2622
2709 4477
2678 4244
1137 2461
365 5612
1137 5221
314 3559
1212 1357
2392 2559
3861 3861
5901 5901
1352 1678
1137 5449
1172 3583
764 2812
0 5705
4148 4148
1130 6191
6156 6156
2657 3926
1137 4999
988 4416
1137 1687
3187 4603
271 5012
769 1640
0 1079
1553 3168
271 3019
66 6253
1011 2701
116 564
3273 3330
1263 1580
1137 1358
1901 4164
271 5592
1137 5472
143 1358
1348 2823
40 5815
302 354
365 5817
271 5471
1008 2742
399 1566
271 5668
0 3618
271 5567
1136 1693
608 4149
0 2150
1067 2129
1352 2512
1137 6091
271 2358
271 3430
331 2468
271 5342
1025 1029
1671 1689
279 474
81 2143
2844 3565
2106 2106
271 2186
342 694
1745 5487
1136 1256
1591 1606
1137 3619
976 4100
143 2439
1137 5061
6057 6057
1469 2863
2739 4470
1019 2991
3918 4019
1007 3720
72 3053
1137 1439
1130 1137
0 3090
1137 1259
1130 3565
3849 4032
75 610
81 2299
1406 3105
0 4342
138 143
2911 2911
138 863
909 4998
271 1758
271 5167
743 5535
2430 2430
891 4100
2512 3122
365 3066
1637 1641
1472 2085
365 5381
564 5229
1900 4187
2476 3437
783 5734
3138 5778
2474 4979
1893 2639
990 4346
2891 5608
680 1137
365 3584
834 4106
610 1343
3241 4634
314 5549
2888 2888
3866 4325
2063 4104
271 3038
3973 4382
859 5684
271 3665
344 4067
0 2395
5038 5038
591 591
988 4093
271 272
271 2592
271 3473
1320 2544
365 5731
356 3383
912 6268
272 2773
1942 2013
1031 1942
326 3645
271 2362
3577 5999
2392 2476
1346 4681
2891 2988
3608 3608
2007 2137
3529 5543
4220 4220
848 2145
2079 2224
1406 2520
2392 6136
783 5478
271 6090
3135 3135
135 2384
564 5542
3144 3144
271 5969
271 1268
2054 2054
912 1245
523 1553
1547 5679
1137 2182
363 1235
116 868
0 1693
3792 4098
2510 2849
792 4676
764 1685
2063 4211
3243 3243
695 1884
1130 5625
0 5412
271 1183
2891 5547
1136 4586
271 596
1959 4393
62 1457
376 1010
279 1829
5731 5964
271 6321
2120 5894
272 4172
1942 2008
572 591
365 2125
783 5878
358 5163
1881 1919
783 3702
365 689
1137 5349
272 1921
1137 5417
1137 1350
1137 4100
322 2217
3566 3566
3095 6184
5391 5673
769 1647
1070 1318
783 3463
143 1764
3297 4577
365 5902
376 4039
1490 4675
591 615
1406 2478
697 2755
236 365
564 785
271 5655
1006 1942
2474 3268
365 2413
2577 2577
610 610
868 5097
1782 5954
1661 3210
1441 1602
365 905
2626 3832
3964 4469
743 3145
3749 3749
2701 2701
143 1115
1137 2429
271 2304
1797 5743
4024 4234
857 1669
989 2699
2706 3886
271 2145
271 5973
385 3274
138 1541
1243 3470
1137 3567
402 5728
271 5855
143 914
3240 3240
5267 5267
378 6532
1101 3607
3187 3260
3517 5460
365 3232
2698 4312
1137 2467
2114 3603
365 1218
1942 2709
143 1969
2414 2414
1024 4523
1067 6126
365 3471
1874 2771
0 1240
2080 2468
3274 3274
53 912
1401 1401
584 1171
2638 3959
868 1137
2392 5425
4023 4481
572 3866
2120 2120
1900 2691
1335 5585
988 3860
271 3015
322 325
2479 2891
0 236
783 6339
1133 6053
1352 2815
4041 5499
2238 2256
2085 2410
912 5735
1585 1585
1137 1452
1212 3634
1235 4682
564 568
0 2178
1235 1609
783 4988
1137 2987
868 2433
271 3497
2125 5865
749 761
271 5420
0 4969
912 6223
772 788
271 3401
2455 2455
1695 4663
271 5310
1137 5998
3508 5363
2341 2341
2017 3981
912 6212
365 3853
2017 2017
5034 5047
783 5657
833 912
1137 2399
271 2327
2392 2969
271 1487
223 4305
77 1929
382 4299
159 169
1051 6099
271 2954
1137 3622
2706 3747
5575 5575
992 2651
783 5460
2683 2683
549 551
2043 3994
957 1902
1406 2979
271 764
1137 5234
1035 3728
138 568
1137 2258
1634 1635
116 1549
834 1916
1208 2474
666 1782
2125 3397
3768 3768
654 3975
356 3380
1421 3071
1137 5448
2679 4307
165 279
858 4290
271 5394
271 867
3506 5879
3065 3065
1160 1247
272 3898
3832 4180
747 1137
1137 2892
1353 1421
700 3974
1621 1635
271 5032
2476 2476
4096 4098
1641 3347
1024 3792
980 980
922 1137
1900 2790
5324 5324
611 3918
1924 1924
0 890
378 4532
2085 3043
365 5933
3211 3211
1137 5497
399 6117
689 868
1044 4439
2382 2382
3675 5348
1320 5921
377 4312
3513 3596
564 2960
4059 4059
868 1352
1137 5740
3882 3882
4336 4336
1235 1793
868 1550
241 5305
138 2614
271 5448
269 2085
271 2357
2468 2601
271 3429
81 840
868 2884
93 3845
365 5185
2891 3060
1137 5903
988 1915
76 257
2891 6164
1081 5714
2392 2907
365 574
365 5076
4013 4013
1008 4381
992 2774
1406 2430
1921 3988
143 1383
2478 2861
783 1750
138 601
2748 2748
272 4396
1005 4097
2648 2648
1130 5499
792 4683
272 4301
957 3885
277 1489
93 6184
539 3001
1099 3322
272 4282
1406 5452
764 3076
91 279
93 6278
3748 4022
365 2230
3218 5257
377 988
1406 5570
2082 2919
272 1982
5002 5002
2272 2363
365 3065
564 793
1551 3053
271 6291
3875 5177
2003 3832
5013 5069
3367 3367
1268 3017
523 568
272 3921
4234 4325
3950 4440
365 6094
1137 2903
2105 2105
3186 3186
5205 5205
783 5202
923 2649
3 5815
1031 2665
238 3389
1137 3045
271 3664
912 2113
271 5622
2392 5574
107 2468
1252 1779
2104 5783
957 2627
279 1376
1704 4557
783 5129
1897 2753
223 601
2384 2956
1131 4919
365 5730
1179 3095
1137 3991
2437 2437
529 2468
271 2490
155 409
2476 5211
2436 2476
1667 1667
800 903
1356 3996
912 6253
2022 3827
2433 3593
271 5366
2891 5236
3196 3196
5054 5094
417 2988
3953 3953
4141 5569
3173 3173
890 1942
564 5078
138 680
271 5968
2758 2758
659 2907
138 591
1008 3866
81 1551
264 285
1635 1641
868 1944
2891 5923
377 2613
792 4679
3122 3122
271 1251
868 1904
3768 3973
3243 3330
563 565
2125 2547
279 1828
608 1904
1614 3250
2104 2480
1407 1568
0 5496
2389 5608
518 2307
271 5087
1137 5416
3863 4132
2554 2554
0 1137
764 3339
988 4380
747 2261
365 924
2309 5352
2365 5102
0 5317
985 2041
2012 2012
271 2993
2783 2786
271 5063
2161 3127
2512 6127
2697 2748
2085 5796
995 4321
2468 5488
783 5331
912 1138
1137 3042
271 3691
224 4125
747 1633
3517 3517
271 5654
5350 5350
572 3950
2022 4073
3273 4541
358 3666
271 275
3880 4006
2114 5579
680 2442
271 5415
1137 2260
81 5529
1008 4157
868 4894
1130 2955
3187 3285
271 2388
138 1268
271 1525
2125 6107
1137 5934
271 2303
4292 4431
1815 3105
846 3693
1782 5796
271 2933
2084 2084
572 1003
764 2468
1553 2976
5120 5120
1343 1566
118 747
3565 5614
1782 5384
2987 2987
271 5854
271 1211
5054 5054
378 6531
683 1767
1101 3608
271 5739
1928 1936
1404 1635
365 2264
909 2137
271 2706
1079 5718
1900 4037
5391 5391
4121 4121
356 4669
2476 5997
2468 3183
5053 5053
584 1170
2636 2643
3978 5094
271 5112
271 6111
331 2821
273 1584
271 907
1335 5584
0 143
747 3219
1081 1274
2919 2919
2392 5300
2177 5500
365 3516
5731 6008
365 5926
365 1704
0 785
783 6218
1591 3197
1048 2748
638 5226
372 591
1137 3515
868 2333
2779 3832
271 5561
1421 4974
988 4020
365 1114
271 2234
749 762
271 5445
55 2988
1357 3387
312 313
5065 5171
365 1060
1406 3418
783 5616
365 1656
769 3358
271 2416
1975 1988
827 831
564 2248
3876 5499
77 4382
271 2326
1139 3021
1707 3196
3408 3408
271 5907
77 1928
1137 2332
1166 1947
3273 4569
764 1137
271 5790
2707 5747
2088 5652
120 121
912 5541
41 5045
143 271
1130 3604
526 543
2085 5155
271 1815
4453 4453
116 1550
761 764
365 3140
0 1560
783 1167
747 1492
1352 3891
3051 5905
793 912
834 2716
356 3379
1137 3410
912 2261
599 1137
378 3968
365 3662
764 775
572 3983
2612 3765
108 2517
365 3652
4168 4168
1137 2891
888 2468
2114 4597
1095 5065
1210 1422
4096 4097
1108 2850
1477 3083
2891 6173
365 5969
521 3754
1010 4322
1900 4426
2474 3001
3693 3693
4365 4365
633 1137
2043 2703
271 5590
583 1130
2254 3608
358 1137
271 5469
1008 2024
912 1381
365 5703
2007 3891
783 5054
2369 5378
1137 5739
365 2286
1235 4584
2772 4499
271 2238
271 5447
1008 1901
1090 1115
2088 5991
271 2202
2611 2709
81 5816
1942 1988
236 564
1148 2085
107 1080
365 1981
62 5846
46 913
2085 5483
365 5079
1058 1058
1406 2556
271 5936
2406 2406
1137 6144
404 523
2758 2795
764 1664
4348 4348
700 2041
1893 1960
5375 5572
1130 2607
1804 3069
885 2022
564 5350
762 1626
2614 3855
385 1987
273 4575
257 2988
5265 5265
1137 5191
2870 2870
808 4113
271 5187
785 3527
2891 5519
76 2988
365 712
365 5404
970 5499
288 611
0 564
3342 3342
271 5142
4086 4305
271 6170
1641 3202
1421 5813
143 747
747 3231
1235 3250
2642 4236
1352 3007
381 2468
905 905
2088 2575
996 1047
4577 5531
912 2125
271 1902
1942 2689
2389 2510
2 81
0 5263
1137 4958
236 1137
2614 2665
912 2114
365 5855
279 855
4138 4138
783 5130
1035 1909
3950 3950
3889 4228
271 3471
2322 5724
1790 2379
3509 5791
257 912
3218 3218
365 2921
271 2386
957 2703
4238 4474
365 2826
279 447
1137 3409
1942 3792
2223 2510
1895 4181
1067 2250
988 1942
2468 4261
1106 1172
1137 2371
271 2906
365 576
1942 3891
273 1530
271 5967
271 1266
1137 2309
743 3169
365 5000
868 1738
1358 2891
138 2310
2382 3119
2468 3613
747 2474
407 1058
747 1618
572 2722
200 279
365 5663
564 1024
996 4302
2645 3947
1237 2412
1136 4588
1371 3253
1251 1357
359 1137
1160 3174
2891 5196
1399 1399
2392 6105
271 6345
358 365
2254 2414
1100 2414
1137 5084
1704 4644
783 3698
6123 6123
2272 2304
0 5752
1137 2921
3041 5188
93 1137
3876 3913
890 3611
1871 4386
749 764
2063 3792
1137 2842
1137 1635
4334 5741
3792 4252
2891 5325
365 1381
572 4300
1760 2478
591 617
5006 5006
1061 1137
279 1825
358 5559
2085 2380
377 4323
988 4121
93 107
747 1944
6076 6076
857 4555
6137 6137
143 1236
1035 1883
1406 2144
3819 4350
138 138
270 564
5496 5496
410 1826
18 145
271 2493
1782 3549
1137 3166
93 5435
271 1004
369 1137
279 416
1782 3673
271 6024
1137 5941
32 143
1343 2551
271 1467
271 5903
401 523
271 1505
912 2903
69 825
783 5277
3187 3199
272 4365
1406 5789
93 382
572 572
2474 2891
1589 3292
833 836
40 1137
1160 2118
69 107
2872 5251
1006 1016
3780 4081
783 5929
868 912
81 1137
1979 4217
1749 1749
542 1203
2891 5664
1137 3734
107 7636
271 5111
1137 5392
244 365
564 3330
912 1553
564 591
358 400
783 3574
271 5007
2771 2771
1745 5268
138 272
365 868
271 4912
783 6333
0 5204
834 4008
5517 5758
1012 3712
844 1591
6272 6272
1745 5729
1591 3196
680 2581
271 1112
2088 2298
1147 1147
5696 6244
1235 4680
1650 3343
1051 2520
365 5698
1585 1698
2261 2468
271 2439
1522 3551
1980 4199
888 2616
271 2459
365 2971
2769 3711
93 3727
777 1919
238 5839
271 5336
1137 6003
356 3199
1335 2960
138 4192
625 3831
957 4212
912 4979
2033 3721
134 279
242 327
313 2382
271 2953
2960 2960
358 5209
988 2816
271 4222
1108 3543
868 2730
564 1883
1259 1779
572 2655
344 995
1137 2257
3195 4644
365 4989
271 5765
138 1081
1067 6163
1137 5219
302 2635
1602 2145
1137 5136
747 835
4227 4227
0 5886
622 808
2266 2266
60 60
271 5246
2392 5912
1013 3798
271 6255
2044 4353
0 1112
797 4293
1386 1587
145 747
365 2151
5723 5723
2244 2244
0 2577
1137 5267
2109 2109
1137 3152
598 912
295 562
1406 5149
2468 2648
271 3637
1965 4489
2114 2581
2276 2468
145 868
2727 3948
1745 5726
858 958
3878 4193
2043 2630
1343 5994
2108 2500
1900 1951
3074 5220
1051 2498
81 3131
3707 4413
4020 4020
365 2288
236 1211
227 565
271 3520
541 2163
564 1550
365 5656
846 918
331 1035
1147 2089
365 680
3513 5156
271 5340
185 279
1137 2240
365 2903
81 5815
3592 3592
2108 6336
1901 3898
551 735
988 1921
2468 4198
2435 2468
1137 3684
1035 4096
625 3740
2286 4478
1539 1711
584 3088
857 1727
673 909
143 2437
783 5434
1008 2758
912 5580
2157 5507
801 3705
1472 2237
988 1437
745 841
1388 4040
365 5654
138 564
1137 2236
4555 4555
1382 1729
1137 1257
1659 3345
810 4515
792 1612
2676 4092
1008 1033
834 1942
1335 3647
385 4189
3513 5799
783 5806
2903 4633
1421 5785
365 3060
4321 4321
271 3156
785 868
2125 5946
575 2027
381 2125
988 4358
418 2988
1883 1942
764 764
749 1653
1704 3236
365 2085
114 3856
1015 2658
1137 2861
0 2457
271 2008
1137 5661
1497 2478
2276 2276
1921 4333
572 3720
833 2891
1547 6123
1562 2056
1397 5998
5801 5801
1421 6050
300 551
783 3418
912 3545
402 1075
356 1672
107 3682
912 1397
356 4595
1010 2051
365 5739
1011 4447
1035 1908
271 2590
93 143
113 279
271 2488
358 4930
0 27
971 3832
271 2385
2088 5965
1008 4168
0 3454
1406 2354
795 1072
279 446
2928 5699
815 5499
564 2254
2577 5424
378 2545
572 1008
595 907
2706 3316
1081 1904
913 1661
365 5002
1137 5036
0 46
271 5848
912 5613
365 747
747 1617
1137 2089
564 1944
400 856
1024 1942
4562 4562
783 3108
271 1796
1043 2022
1137 2232
1745 2087
0 1325
541 541
107 5397
2088 2884
1406 3844
48 912
641 982
138 912
1137 2717
2392 2523
2639 4246
1137 5083
642 1130
2007 2759
2828 6220
697 1137
257 523
408 523
564 4942
4566 4566
523 564
1137 4013
984 4003
523 1352
4191 4191
2560 2891
271 2037
2891 3494
1137 5657
272 3793
3613 3614
868 2132
958 4293
271 4962
591 618
365 2518
912 1137
1268 2254
615 616
2891 6046
942 5094
1137 5890
583 4917
2177 5660
4040 4498
1335 5046
271 5531
914 4490
1130 2847
356 4688
0 3665
0 85
564 1541
271 3396
365 1051
1137 2266
271 5303
279 294
365 2941
913 1665
1320 2160
5684 5850
1462 6228
271 2301
1008 4437
3300 4545
3324 3324
859 3389
271 4195
379 4382
1506 1506
271 2833
3811 3811
3714 4040
764 1621
1733 4589
143 912
584 6141
271 2729
2891 3309
325 2382
572 2674
1136 4548
1764 6236
1137 5228
792 3299
3832 4003
1137 2774
2346 2891
2903 4667
272 4095
409 1070
700 3745
2392 6355
2063 2063
271 5217
1243 5491
1467 1467
996 4073
365 3025
2700 4138
271 3207
913 3341
4491 5499
1137 5391
2679 4247
1137 1343
365 3643
271 3114
890 1049
271 905
1704 3195
271 6202
912 5857
365 3528
1379 1379
3593 5049
801 2694
365 1399
1137 5625
1024 2468
5662 5662
2614 2614
1137 3103
1541 2903
107 5865
1901 4157
99 1316
681 1698
2852 5084
998 3788
783 6151
3708 3708
5633 5658
993 5499
93 2301
1137 5876
5740 5740
93 523
2662 2706
996 2775
2085 2559
2125 4907
3915 3915
2254 3638
6270 6280
2891 5317
783 5611
271 5335
1530 1530
366 3978
608 4299
1130 6005
107 6353
2286 2286
988 1894
912 1352
0 1777
958 2468
107 564
365 5142
312 2533
3886 3886
4123 5499
2088 5740
2478 2891
1708 3360
143 2516
1768 1768
568 1137
1031 4014
271 2854
93 1346
2150 5954
0 3156
399 544
730 940
358 5737
912 1192
2752 2891
819 5065
1137 1445
365 4925
133 2533
1082 3240
1900 3989
23 81
845 1137
3876 4218
584 1254
271 1754
1421 3149
1900 4063
1356 3597
5394 5394
912 925
325 2516
356 3377
2709 2812
3687 5233
683 1137
1811 1942
750 910
2063 2663
2545 2891
288 744
1137 1324
957 4308
5035 5035
3022 3022
2474 3273
996 1071
2348 2348
912 3613
2690 4074
365 1420
507 2050
372 4265
271 3636
143 3004
971 1071
365 2470
1251 5508
507 572
2891 3179
365 2370
271 5267
6032 6032
1140 3041
783 2981
271 3519
2809 3812
868 1547
1602 3327
0 4954
1558 1558
271 2355
385 1015
1370 1608
2729 2729
2298 2298
1137 3416
1370 1697
2125 6167
271 6057
551 734
1930 1941
356 3273
271 5240
1745 5468
1137 4647
0 3408
271 2089
575 2762
1499 1499
2891 3130
1130 3463
271 2974
1491 1698
1650 3222
1963 1963
271 5821
2545 2545
1359 2088
271 5706
154 2516
1137 5969
1137 1425
912 2614
1352 3521
625 4337
576 1544
3832 3832
1553 4305
273 3274
2015 4072
0 2991
608 1883
3187 3382
1335 3646
231 2988
2891 5612
3453 5113
271 4544
271 576
272 2818
412 1984
271 3155
1683 1685
868 1130
1782 4982
271 6288
0 5394
365 3685
1891 3779
783 3539
2578 2578
1137 5342
1745 2881
1486 3074
365 3580
2468 2891
797 4085
271 3142
1032 1032
2173 2392
365 3492
783 5209
271 4936
3707 4305
1877 4348
271 3661
271 833
3989 3989
1051 1051
2145 3186
600 974
279 1375
2474 3542
115 115
271 2589
93 146
1137 5716
135 5538
233 271
611 5499
1137 3167
0 26
1137 6063
1530 3361
2523 2523
366 3874
976 1357
1726 3187
912 2343
2902 2902
785 2024
5493 5493
1635 5321
93 1193
564 2255
1411 2323
1137 6305
3182 3187
1137 2369
1988 2013
783 2698
1137 3680
365 5101
572 1011
241 5653
1085 2749
2107 5103
1998 3718
4314 5741
3782 3782
993 1048
271 2976
747 769
1632 3227
783 5313
2784 3792
859 2295
1274 1274
2712 3985
0 523
2786 4278
1008 1048
271 1739
271 6344
363 582
1353 5008
1031 4326
925 2474
785 912
271 5189
835 1610
572 2053
54 365
402 3073
2392 5863
622 3768
272 1925
1795 2088
2443 2891
764 3349
403 2384
271 3086
365 2108
1137 2840
2783 2783
236 279
271 5061
2709 3771
4126 4126
272 3794
912 5817
890 890
1137 1812
373 2988
912 5703
277 1320
3252 4583
1137 3028
564 1268
1108 1591
2468 5579
820 2965
272 975
2015 4416
271 2536
857 4556
4552 4552
1040 4341
365 2322
1035 1881
4014 4108
365 1113
1764 2892
783 2150
2997 2997
2125 4898
1923 4051
5645 5645
271 2491
1370 3184
1130 2089
1011 4246
996 2021
1016 2788
365 5250
2545 4965
81 3290
2664 5499
1764 3565
1137 2433
2700 3900
365 5001
1108 2235
2088 5762
608 4457
1137 3653
0 1343
1093 5065
271 2832
599 6187
138 628
1137 5012
0 4950
1547 3453
1137 2552
72 3008
1779 1779
1756 5863
271 1155
572 2692
0 3630
271 5987
241 868
5342 5928
6053 6053
1348 2419
382 4438
2088 5296
1137 1566
2733 3999
3520 5237
5731 6071
651 3981
257 2891
344 3740
1137 1480
2392 6096
868 1135
2474 3181
271 6109
2651 2651
365 3642
271 3113
1872 2614
1137 1699
2891 3464
2125 5318
1704 3196
271 6201
365 2552
272 3710
2384 2389
868 2437
72 3581
3984 3984
358 5410
783 5255
377 4208
293 293
3187 4701
1013 2820
1239 2828
271 1110
271 3607
35 5815
365 1130
365 5694
1137 3507
138 698
857 4685
2618 4199
2654 4175
2254 3678
651 1020
3736 4197
271 5334
48 1331
4242 4242
2022 3896
2665 2665
271 2182
783 5653
143 3517
1137 2403
2891 6197
2118 2118
271 2085
77 1933
2709 2772
1246 2510
1591 1599
365 546
1406 2573
143 241
271 1320
958 3832
59 912
777 2019
1382 1382
2474 2836
947 1108
1137 2526
2085 5216
1323 2474
402 1429
0 3107
271 5763
919 2478
271 680
3420 5336
0 3010
2125 2578
2433 2891
1544 2891
5702 5702
365 3033
271 572
1888 2618
1652 3212
1137 5451
1116 1116
1782 3441
3947 4048
2222 2222
591 2286
349 1969
272 3871
2609 2609
1325 2891
2891 3517
636 658
487 636
271 4932
1137 5600
272 1031
1051 5042
2088 6248
1010 1966
2104 3472
1591 3232
271 825
365 2472
49 743
2891 5435
1137 3004
1061 1108
3822 3822
910 910
676 1357
2085 2341
138 2988
271 2563
365 6098
564 5980
1704 4674
1137 5743
2177 5413
783 2982
138 1352
271 3518
1160 2600
271 976
1406 5777
272 349
2891 6240
2012 3720
868 2891
1160 2436
271 5338
1672 3187
958 4193
379 379
996 1968
0 1883
271 1553
1048 3743
1725 2468
2468 5211
2891 2984
272 272
271 2345
5678 5678
271 2088
1587 2145
291 1984
857 1728
271 2973
271 1445
271 1335
107 143
271 1383
1804 1804
365 1271
271 783
3736 3736
5063 5063
4199 4199
1438 1438
1022 3857
1942 4042
1008 4112
5130 5130
2318 2844
957 3805
2299 5816
2365 2891
689 2891
5392 5994
2160 2160
1893 2623
1335 3649
0 1544
2125 2458
758 1635
783 1882
868 1081
3068 3068
568 725
2051 2667
1137 2648
271 3154
2125 5948
62 5232
764 1641
785 5362
564 850
747 1397
271 5166
3778 3778
5499 5499
271 6167
2784 4528
378 2722
2384 2384
132 145
1030 3781
4250 4250
2845 2845
115 2928
261 868
358 5447
2150 2150
271 794
2650 3886
1035 4478
747 1629
356 1670
365 2409
689 5142
1406 5230
2018 4003
379 1989
271 5499
2125 5021
1035 1892
2286 5780
625 4038
859 4908
271 2486
1035 4337
1981 4284
365 1093
271 2256
0 25
1782 6020
0 783
5954 5954
1600 4590
271 933
279 450
2085 2313
1984 4354
241 5506
1246 2384
3340 3344
365 586
2776 4153
958 4405
120 1137
2105 2980
271 1142
2979 3609
225 2988
2004 2004
2891 5966
3241 4636
358 1185
365 4902
747 1621
764 1683
1013 2043
271 3720
1716 3187
868 1901
1585 3203
124 134
0 3152
355 2254
2334 2334
1264 1670
93 5214
3565 5391
133 133
1944 4453
365 3096
2468 3772
1031 4327
886 4319
2444 2891
572 2056
1006 2726
365 3004
1160 3119
1500 2104
271 5083
5401 5401
2104 6093
529 4341
272 2699
271 3085
1351 1792
1137 5310
636 816
365 2107
523 1358
2896 2896
2891 5323
521 523
2392 5323
143 1268
357 358
46 2891
365 1382
0 2468
797 3984
271 3688
2652 4396
3131 5815
1011 3779
272 976
345 2672
271 2535
0 4944
356 4573
672 2392
1040 4329
358 3669
0 2121
1764 2891
2007 2702
2891 3080
2125 4899
271 3394
971 971
271 5301
279 292
801 801
2468 2606
4569 4569
783 5635
241 271
1745 3610
1137 6273
591 783
271 4305
507 808
365 5030
564 5569
271 5994
909 3138
5741 5741
1893 4292
138 2286
358 1740
271 1209
2359 6111
912 1883
2737 2737
551 552
2085 2128
2323 2323
1764 2082
3264 3264
1811 2891
1108 4911
1137 5227
2412 3074
1348 2420
1137 6326
584 5901
0 1528
4170 4261
2056 4507
1137 3832
3229 3229
624 914
1137 5461
575 1984
985 3759
2700 4140
2891 5564
912 2224
1137 1479
907 5784
5329 5329
81 635
81 5205
3185 3290
3611 3615
1137 3386
1745 5626
2098 3546
0 1093
2114 5099
564 6122
365 867
2891 3386
238 827
1764 5919
1137 1797
271 5582
3707 4271
2809 4040
680 2585
1343 2887
673 1212
271 3606
783 1469
1359 1359
3794 3980
2929 2929
148 1551
2085 3404
0 5025
680 3674
834 909
1160 2533
271 5442
271 2519
1137 3510
271 3422
271 5333
2773 2773
1602 3183
400 523
271 2413
1040 4462
990 4508
622 4352
566 2891
783 5654
955 2816
1919 1919
0 1782
2891 3660
77 1932
30 2085
365 6155
271 1319
1130 3414
912 5662
990 2314
365 1331
2468 4938
2088 3060
271 5880
1947 4301
5489 5489
1356 2615
1137 4932
2145 2145
271 1812
2676 4072
6150 6150
6270 6270
2237 2917
624 1008
376 2765
788 1346
3222 3348
2468 4107
2474 4895
5508 5508
785 5263
3273 3320
2114 3012
271 5877
3832 4193
1137 2964
608 5094
271 5136
377 4423
2123 5260
747 3449
3937 4100
1060 1060
271 5029
271 917
4148 6551
2063 3749
747 2125
1235 1346
857 3307
914 4266
272 3732
272 507
1668 3187
868 1343
271 824
143 1352
1348 2824
1677 1704
1553 2374
2409 5662
583 3470
513 523
2056 5747
4940 4940
608 677
2125 3164
917 5049
0 2968
271 5379
1008 2699
868 1544
1335 5237
1090 6367
271 2353
868 2892
1815 3579
868 1397
888 4524
271 5337
2458 2458
1906 3717
1424 2392
1984 2468
1624 4598
272 273
4040 4167
1235 2474
2392 2945
680 793
3041 3047
1137 6214
279 329
271 358
271 2972
271 1444
564 5631
792 4586
1357 5683
271 1334
1024 2030
775 775
365 1270
2392 5873
5994 5994
145 523
2085 2175
1356 2662
116 2107
377 2756
3832 3868
1137 1260
385 1991
2700 3910
1591 1808
0 2997
1900 3997
608 1881
1137 1202
1893 2624
1335 3648
2474 6217
1553 3438
271 5185
2520 5178
2468 2771
1421 3668
1006 4095
4349 4349
271 6286
272 2675
1137 2945
1683 2468
764 767
2384 5024
382 2059
1235 1235
331 347
1137 4040
4313 4317
1430 1430
0 276
2709 3792
365 3487
2580 7657
138 747
783 3389
1635 3210
2373 2373
1352 2667
72 2134
2085 2407
356 1669
601 814
2384 2904
366 4483
4132 4320
271 5498
5025 5025
1008 2052
271 3468
985 1023
238 365
271 2485
372 2706
62 3141
783 4969
1200 3004
2468 4575
271 2383
783 2868
912 2341
2474 6300
365 6334
2468 4190
1137 4598
120 5906
2275 2392
1673 4647
638 2262
271 6084
356 3246
4159 4159
86 936
785 6191
1782 5275
271 5963
271 6275
365 4997
747 1024
988 2654
138 1553
1137 2579
747 1620
2386 3079
271 5734
1646 1659
3918 3992
3316 3316
5063 5534
2085 6247
1700 2468
523 1137
0 5896
365 1507
1048 1048
271 1556
1882 3907
3266 3266
2612 3783
279 1830
2227 2227
564 4927
1137 3662
365 3001
0 5719
1019 4255
271 5082
807 2615
2175 2175
0 1139
93 2610
1136 3248
2991 4185
1357 2965
957 4152
365 596
783 3461
271 855
747 785
365 3510
758 3218
1130 1567
747 1325
271 4960
2963 6299
365 2446
1235 3248
1163 4582
868 1268
1137 5870
1343 6041
785 5285
783 2577
1217 1371
405 523
68 81
93 5666
1008 2756
2392 5055
271 2609
3210 3211
271 3491
611 679
2692 4291
4001 4001
271 5412
912 988
608 4194
564 5689
271 5300
1981 3475
252 271
1539 1539
1942 2043
1678 1678
46 2088
138 271
657 1137
968 1933
1137 3385
272 4457
365 6246
1782 5369
1137 6272
2777 2777
1356 2445
1137 3618
890 2722
3265 6199
143 2235
747 772
356 1137
138 627
764 1618
1529 6146
783 5273
4997 4997
572 575
1137 4940
890 2545
271 1154
271 667
1137 2468
271 1797
2678 2719
2709 4210
1600 1600
1343 6178
564 3476
363 3301
1406 2043
271 1741
12 81
2760 4590
107 3465
3273 3325
651 2660
1624 3345
314 5003
1344 5608
1137 5460
608 2013
1925 4232
144 2395
2891 5575
913 3342
1804 3588
110 143
2225 2614
365 3644
1883 1883
365 1466
1137 5305
564 1777
1942 2991
365 2114
1252 1338
37 271
747 763
1698 3218
1137 3084
271 3630
271 5581
1130 1755
107 2415
983 4130
19 143
1108 1325
365 1792
271 1108
1160 6312
271 3605
1235 1616
1130 5776
865 3952
5479 5479
572 4322
365 1079
777 2474
958 1942
271 5441
2125 4909
3001 5881
1602 3257
2748 3792
271 5332
988 2005
271 2412
1343 2604
1009 2023
1421 2537
564 5833
783 5655
81 357
143 953
271 2325
990 4197
2638 4159
572 980
4023 6550
2836 5150
77 1931
1591 1597
4272 4470
747 2545
1137 3630
271 2164
1319 1319
2137 5052
2827 2827
3241 3273
2474 6354
2218 5572
687 3648
1099 3232
1673 2474
1914 1914
325 2285
1259 6106
1192 5368
509 509
81 940
954 987
74 116
1764 3541
3330 4654
143 2407
1137 5222
834 1926
3207 3288
3832 4026
5205 5906
2774 4221
6068 6068
2809 3982
3736 4025
912 4657
1764 4226
4201 6279
271 5243
783 5716
377 6009
2744 2771
680 5958
2891 5540
2058 2468
271 5135
257 564
564 598
1871 2468
93 5774
107 5712
3687 5823
365 1688
2392 5636
271 3657
2707 4533
783 5221
2377 2451
365 2468
783 2293
1137 1749
365 5836
271 5493
2933 5400
365 2371
568 912
385 896
1036 1036
747 3130
356 4537
2022 4122
1190 1213
271 1067
0 833
271 5207
271 2460
138 1358
1137 3195
271 3516
143 358
271 5467
783 2891
241 241
271 3425
2085 2437
1137 5977
988 2028
628 4171
1942 3772
827 827
991 2737
2262 5380
223 1137
2144 2144
1343 2237
572 967
762 3612
271 2087
783 5404
988 2756
4495 4495
0 6303
1883 1981
990 4308
147 610
271 1443
583 2896
1352 3554
1137 5067
2268 2268
0 1359
2437 5558
93 365
1790 2088
4292 4495
1236 2085
2104 6150
2742 4509
590 1192
271 2784
138 1051
271 1785
3437 3437
2474 2937
30 81
958 4047
1137 1379
272 4183
988 4188
609 808
1353 3563
271 1561
271 5184
608 1972
2033 6520
2303 6055
285 423
1218 3014
1137 1335
4120 4120
2085 3290
1811 1972
365 3684
81 610
2368 4960
762 3218
747 2224
271 6171
271 2031
271 5055
271 847
3975 4377
3573 3573
572 777
3354 3354
1149 1192
271 4956
2125 5593
365 2511
590 912
755 771
138 224
271 6192
912 3541
1343 1343
2 143
143 6026
365 3378
0 257
356 4592
2474 5168
271 1138
271 3467
365 1100
413 1782
1013 2675
107 2580
1312 3593
6132 6202
2891 3512
1421 2468
2793 3972
271 2254
107 5023
271 5265
1335 5253
1421 5037
996 2025
2828 5320
4903 4903
1079 4936
783 5664
2654 2808
2468 4189
365 2837
1137 4597
1431 3593
2147 2891
577 2828
747 1130
271 6083
3241 3330
2891 6032
3833 3833
4396 4396
271 1501
792 4546
271 2115
271 5962
271 1264
2468 4313
2128 3004
3218 5596
271 1461
3826 3826
1335 6288
272 700
271 5846
2468 3609
138 1137
116 2144
241 6032
1984 3810
1704 2891
4066 4368
4193 4193
365 1213
3736 3851
272 1352
377 4160
238 2957
272 2048
1067 6109
1137 5169
1184 2260
4141 4316
1921 4423
271 529
2019 2019
279 1832
271 5210
1137 5087
1078 2238
564 5257
1882 1882
923 2022
2664 2664
54 2336
1969 4038
1312 1312
271 4979
365 2109
1320 5503
0 1051
1157 1172
2891 5321
783 3506
236 281
2104 2432
1425 2423
3832 4425
868 2450
764 1235
271 4959
1137 5539
1137 3079
2478 2934
912 1135
1327 5020
868 1264
1130 1815
356 4571
271 3582
912 2478
4640 4640
1137 5777
365 2323
1130 2846
1686 2114
271 2608
365 833
2868 2868
2914 5906
625 4067
271 5411
3517 4940
224 988
912 985
912 6295
2891 5070
1177 1591
271 5299
1237 2891
2705 5499
66 81
1130 6028
564 2224
1553 3402
377 3850
2160 2506
271 2320
365 5136
1782 5370
271 5900
4595 4595
928 1137
5 302
572 997
783 5449
271 5993
2903 5170
271 271
107 108
2891 5925
754 910
1320 4283
1208 1208
271 1207
3043 3043
365 777
279 2215
271 5759
708 1004
1539 2468
365 1216
1137 5231
263 1331
271 1193
783 5966
3214 3350
550 551
1137 3227
2636 4229
1159 3041
3108 3639
783 5847
1872 3855
365 3022
314 3437
2004 2623
2711 4040
365 3640
1137 2897
271 3110
0 2608
271 5004
271 916
389 551
2105 6221
46 1223
2845 2891
2254 3607
358 5301
133 3001
271 856
4667 4667
747 762
365 2550
749 3333
365 3454
5000 6286
868 2474
2891 5188
912 2079
235 565
579 2437
271 5455
2085 2418
0 5112
271 1765
895 895
958 2014
271 5680
1008 2821
608 1811
895 5177
356 4561
2891 5120
890 4072
3763 4170
339 341
2437 5217
1775 2088
680 4911
564 1153
3849 4338
783 4100
365 2970
1335 2894
2795 3748
3273 3273
271 5331
1137 6006
145 365
596 2545
26 271
1356 4320
271 2324
1343 2479
785 6029
100 635
1735 3182
0 591
77 1938
143 2237
1591 1596
1597 2474
1235 2226
271 2163
1956 2022
4401 4402
271 5814
2468 3947
1137 2605
3010 6029
250 279
4278 4278
0 3158
1137 2530
241 936
107 5217
1137 2263
2678 4274
0 1335
955 956
365 5605
762 1732
783 904
728 5504
2872 3451
1405 1405
1137 1553
5270 5270
302 1942
5248 5248
2392 3674
783 3621
2125 2483
912 3186
1137 5455
769 3224
271 2317
3953 4305
3872 5177
365 1479
783 5752
564 2993
1571 3269
385 599
271 5027
1153 2088
1735 1735
331 349
1137 3080
271 3656
1547 5269
271 5613
1137 5505
1041 1357
1137 1268
3717 3717
271 5492
912 1051
2618 6529
0 2474
890 4042
365 1133
1008 2708
912 5247
365 910
565 963
2731 4220
271 2251
365 1721
1137 6068
564 1544
2063 2468
608 1352
651 961
564 1397
238 319
990 4531
1265 1265
1035 2709
54 5714
352 1792
564 1433
3074 3526
271 4890
729 1984
2341 5306
2005 3756
1137 1893
576 1768
0 6295
1641 4608
271 2971
1710 3242
680 3018
792 4588
1130 2261
680 5801
2891 5973
1096 2510
783 5333
6117 6117
1130 3551
1136 4676
0 6010
1130 5382
2094 5543
783 6096
3005 5665
3229 3353
2405 2545
365 2227
564 3523
912 5341
1137 2748
783 3067
1051 3695
1137 1463
81 120
1900 4090
523 680
6098 6098
659 2125
572 615
1524 1764
168 279
378 3883
3242 3242
1704 3235
271 6164
135 3667
868 3509
2125 2157
271 846
272 3800
1894 2468
2407 3693
2125 2254
1886 1959
2022 2468
81 145
62 745
279 684
917 2168
1010 1889
783 5100
271 5644
1137 5473
2679 3751
4388 4388
2478 6021
2890 2890
1745 2748
785 2875
271 2587
271 3466
2085 2349
365 1099
2988 3692
2137 4998
917 917
1035 4321
365 1090
2392 6319
279 428
868 2827
783 5672
271 5363
2137 5077
2474 3429
87 2085
279 443
365 5203
1137 1959
1137 6282
1618 1618
2618 3941
107 591
271 1500
271 2114
1357 2471
783 5372
143 1024
625 1322
1635 1635
1589 3273
4125 4469
2131 2131
903 960
1902 1902
2145 2589
1444 1444
2318 5313
1591 3254
116 712
975 3726
1136 1612
1051 3175
400 1130
625 1977
2392 5853
1137 5086
3866 4476
3832 4045
271 3083
3779 3889
3391 5391
564 4940
5509 6189
365 915
366 1137
2392 5309
2235 3470
1764 5341
2786 3965
564 6207
271 4958
1006 2012
1356 3863
1101 5554
1235 1675
405 1084
1553 4949
1587 1730
272 979
365 2434
385 864
2468 2748
271 3581
0 2324
773 3210
120 358
2392 3159
3041 3453
680 3397
2169 2169
271 5410
1048 4412
5233 5233
584 5569
3845 3846
271 5298
1137 6038
912 5075
356 3204
3910 3910
272 331
271 2407
3187 3240
271 1532
564 1233
1130 6054
5136 5136
5137 5137
279 421
365 2840
2891 6205
1782 3405
1022 4178
787 1090
5080 5731
271 5899
591 785
5506 5506
1008 1008
1490 3313
2249 5815
1177 1569
271 5992
568 568
107 107
365 5020
764 1619
1100 1100
143 2085
3333 3339
912 2692
93 5071
271 5758
1130 1130
1356 3074
1574 1574
5579 5579
1431 1779
792 3302
1137 5689
1589 1727
138 1008
365 5480
0 3060
1137 5148
379 4086
1406 5624
2254 2836
2392 2452
1764 3419
2007 3792
365 3024
4044 5569
747 3359
1130 6130
1011 4101
272 625
138 833
1137 1320
3074 5760
0 5291
271 3012
1235 3304
2341 6237
143 564
3457 3457
396 523
271 4111
2510 5024
271 3629
0 2358
1160 2876
680 2332
783 5252
608 1768
0 917
988 4059
2232 2232
2750 4083
844 1698
1745 1745
868 2286
271 3603
857 4580
271 5556
1689 1689
1035 1960
271 2455
271 3513
700 1022
996 2782
2125 4963
4427 5499
581 2210
271 3419
1356 2216
271 5330
912 4905
2478 5053
2693 5569
790 1137
1235 1759
1529 6321
747 1138
2700 3975
271 2323
3613 3613
271 2083
680 1236
1438 3074
271 2952
271 1439
912 2836
2286 2476
1615 1615
868 2224
349 1008
1137 3552
622 4279
2468 3541
271 1229
572 2618
0 6028
1177 3323
1137 2529
564 5364
762 1645
1382 1698
271 1169
1137 2449
258 1158
143 3693
365 5604
0 4322
365 2219
1674 1727
2392 3403
2392 2557
4186 4454
1008 3968
2794 2794
5333 5548
81 2516
912 3130
1352 3780
271 6250
5306 5306
4319 4382
260 1600
4901 4901
749 910
2891 3552
1773 5094
143 1320
785 2569
912 5883
4279 4279
1893 2774
1745 5304
138 257
868 2235
69 2113
2938 5508
1137 5603
2165 4960
272 3739
957 4531
356 4702
1010 1957
4577 4577
868 2085
1764 2342
1335 1338
0 904
3822 3977
365 795
2005 2696
401 5089
90 1137
271 3464
3273 4596
0 3631
1079 5571
1137 2994
105 764
675 2286
2474 5914
839 1683
912 2433
4342 4344
783 4912
1659 3214
263 912
676 676
1406 5779
764 2606
868 2887
365 2901
1872 4388
1137 3418
365 5180
365 6320
564 1434
912 5020
1137 2382
4139 4139
912 4904
5563 5563
1137 3600
792 4587
2255 2255
1137 6126
272 4402
572 2808
365 2502
365 1268
2891 5690
783 5334
584 1361
1346 1693
365 5652
680 3164
365 1257
1137 4915
0 1319
365 2223
1130 3665
3618 3618
1137 6083
2891 5592
783 3068
913 3213
1137 5117
2392 5965
783 5804
1108 2614
783 3691
611 4109
1782 4991
2123 5194
2668 3710
272 2678
2468 3257
564 4954
2205 2988
271 1757
365 6005
2863 2863
857 3270
143 1335
1961 4008
3252 4679
1137 3135
0 868
3047 3047
2688 5499
5013 5094
1904 1988
271 5643
356 1667
1137 4185
1745 1762
3034 3435
3870 4030
564 1335
365 5762
271 1137
1396 6160
2618 2706
365 5439
271 2586
2891 4999
591 2780
143 2836
1571 1591
1137 5719
2891 3195
365 2307
1343 1774
145 1137
143 1065
1942 2024
2891 6214
365 5217
337 611
271 942
909 3177
279 442
2891 6119
365 591
271 6081
608 4438
365 584
2022 2625
271 5961
62 1137
659 5143
1110 4908
1553 5770
1988 4326
2384 3550
2891 5949
5313 5313
1925 1925
1782 2139
1139 1139
1872 1942
107 3108
271 1791
5104 5104
365 2257
4378 5499
279 453
1008 1035
1745 5035
271 6310
365 1155
1137 5174
1795 1795
58 5205
568 2891
788 1427
1057 1057
2437 5522
2891 5490
81 2468
365 5335
2409 6156
271 5104
271 6316
1881 2019
2891 5400
2101 2474
1624 1624
2545 2845
1259 3539
3377 3377
568 778
769 1652
912 5848
365 3600
651 671
3187 4554
564 5038
2125 5324
747 783
365 2545
747 3345
868 2451
3196 3239
1942 2722
271 3685
3333 4545
4436 4436
271 5647
1574 1591
356 4569
271 3580
1350 2392
912 3474
271 5526
1008 2689
3607 3607
271 2607
584 2141
5998 5998
271 5409
271 1096
1961 1961
584 4896
271 2514
783 2857
597 2384
143 1492
4029 4029
271 2406
1591 1593
1008 4454
81 369
1011 4155
912 5063
2630 3792
271 4898
783 5563
2380 2380
3187 4653
365 5027
608 988
4040 4040
1196 3160
1137 6183
100 822
271 5873
1137 2555
523 2474
743 5316
2775 2775
1721 1721
1137 2471
365 5603
0 3137
271 1192
2392 3418
783 2989
909 912
93 5239
783 5968
1137 1175
589 2216
1878 1896
0 5739
3273 3289
2392 5580
1029 1906
523 7663
3271 3271
958 2749
325 325
3921 3921
138 304
107 5731
2631 4319
378 3802
1081 2085
1421 6129
314 1110
857 3276
813 4319
572 3772
1137 3081
271 3628
1137 5514
844 1585
0 5117
1335 3002
1553 2254
3187 4699
1382 2145
1137 5864
138 697
1591 3274
1024 3926
381 1553
568 868
271 2454
912 1777
5809 6087
977 4131
2392 4913
1906 3832
1942 2742
1702 4557
3221 3221
868 1533
1163 1346
2445 4344
3973 3973
263 842
0 1904
365 5178
365 6288
999 1006
271 4241
1499 2426
271 2322
0 1944
4975 4975
2107 5136
271 2951
312 4544
2005 3792
564 5597
271 2161
3609 3609
3187 3207
958 3822
604 1172
271 5359
2043 2043
365 4955
764 1642
1352 4046
6119 6119
1177 3324
1137 1237
1137 1446
271 1410
2547 2547
138 572
271 5784
2125 3459
1553 3273
77 77
365 5607
3653 3653
401 856
4580 4580
272 4155
2468 3849
2107 5602
3288 4599
365 727
868 1695
1553 2591
331 1981
0 2665
2751 2793
564 5194
143 610
271 6249
1320 3523
1137 2950
2837 2837
356 857
2114 4652
1343 6354
272 3880
365 3576
1137 2873
116 1268
2137 6162
272 3776
93 5872
356 1589
272 1035
365 2477
68 1816
2468 2655
4196 5499
1137 1786
951 5038
271 5611
1707 1707
1335 3025
2606 4919
647 739
365 2368
271 5197
2729 4448
271 3463
1008 4319
0 93
2392 5016
1008 1947
531 689
1008 4227
238 5868
2418 2418
1008 1908
2891 6246
730 2085
1726 1726
114 808
1137 1502
564 2474
1508 2125
1673 4668
0 680
271 1346
271 5956
1067 2227
6532 6544
3330 4655
1406 3534
815 815
4093 4305
833 835
1192 2408
753 753
365 1267
399 511
990 1927
783 5335
3187 3296
271 1243
3801 4001
385 700
344 1008
1710 1710
365 1259
3675 3675
1702 1707
0 4585
370 1137
1137 2216
143 1944
1137 1382
0 2988
1137 5197
996 996
1942 2007
403 523
93 2438
783 3069
2359 2392
365 1553
584 5436
1551 5906
2891 6211
1137 5344
331 344
143 754
2700 4268
3871 3949
1624 1698
783 6346
591 1038
2074 2780
2270 5397
1136 3303
2699 4351
981 2002
1591 3208
124 2988
365 1782
891 4463
912 1081
579 3689
0 2343
0 136
1366 1782
3832 3840
365 1422
1900 1962
3545 3545
2478 3059
783 2089
271 5405
1137 5718
1492 3542
77 1085
608 2100
1137 6047
1699 1699
0 759
279 426
518 523
1137 3467
3792 3811
564 5769
2186 2186
135 1344
498 2199
271 1566
2085 3453
783 1198
5506 5515
2873 2873
271 2927
365 583
1875 1904
375 1798
2088 2127
18 81
3722 5499
1108 3572
2114 6023
4546 4546
271 1460
572 1437
4040 4328
271 2901
271 1462
1553 3330
2088 5399
271 1790
365 1211
2125 5767
1137 1242
2104 6243
988 4323
2618 4404
2356 6305
143 523
302 4319
271 6339
6 72
754 1098
833 2110
865 4496
271 712
4427 4427
572 2785
0 1193
1031 4250
1745 5518
365 5330
365 3613
1137 2927
271 5001
1137 5312
365 2106
747 3212
1357 2878
803 2618
857 3292
0 5189
272 3796
1750 1750
747 3344
1620 1620
868 2125
271 4978
729 1034
2468 2706
976 4463
1235 1713
1137 1769
2063 3938
1892 4305
564 715
2377 3565
5344 5344
365 2339
272 385
868 2391
3871 4373
2022 4103
4020 4397
2088 2255
365 2963
766 3209
271 2513
351 611
1033 4322
1553 5651
143 379
305 2085
1011 4244
271 4357
1745 2216
1906 3759
2474 6043
507 874
271 1531
1137 2012
1764 2919
1649 1649
1799 2468
273 4689
15 1050
924 2478
271 1481
564 5494
271 5897
2084 3593
1008 1010
1199 2425
1137 3637
2736 2795
1478 2392
2107 5073
958 3842
0 6141
610 868
1582 1582
138 629
764 1627
2180 6286
783 5285
743 6015
2827 2883
1635 1655
1108 5919
1235 4548
784 1172
271 1822
81 953
676 3546
1104 1105
1357 5000
998 2618
608 794
2678 2701
783 5935
72 148
1241 1241
3900 3900
1745 5058
2632 2632
758 1642
1690 3375
1893 2678
3593 3686
0 1469
912 2251
572 630
365 5465
3273 3286
314 2436
2036 2709
2700 4143
2468 3275
2380 6149
3832 4174
401 3481
1130 6222
365 1464
697 1166
107 2307
697 4391
365 3544
1137 2826
564 5061
5391 6041
747 767
4682 4682
769 769
2614 2709
3707 4251
1815 5479
2617 5499
2257 2257
2172 2172
5392 5392
365 5692
0 798
517 531
271 3511
1048 4388
2614 4092
1024 3797
271 5438
1192 1407
2891 6255
4978 5027
271 3418
4268 5499
2584 2891
365 2872
3210 4614
1896 2804
271 5309
712 4927
356 3289
2349 2349
271 2321
912 2933
107 1137
271 5926
1044 4311
1137 2336
271 2950
410 1162
957 1981
259 611
271 5812
1137 6152
1921 3946
1137 4995
572 2620
1057 1177
3041 5245
365 5643
2392 2590
271 1810
1028 2022
2353 2353
3034 3107
365 3617
997 997
1211 1869
764 3220
2085 2373
1012 2647
365 1529
0 1122
1137 1325
1137 2398
272 2668
1137 2872
271 3135
2392 3535
1137 1671
271 1999
2037 4046
365 1209
1137 3465
2173 2365
107 3491
2114 6288
3947 3947
3187 4642
747 1335
143 1370
1079 2609
1137 3059
2636 3726
2903 3568
3108 3108
365 2465
1346 1759
1738 1738
834 3724
271 3553
522 523
857 4540
1764 5635
1008 2066
3818 4305
783 2321
5574 5574
2891 6019
365 5723
365 2284
2919 5546
271 5038
2286 5616
3236 3236
3290 4648
834 1394
1871 2664
2744 4045
912 2334
914 1981
376 4445
1137 5979
271 2130
271 2276
890 3752
303 551
1011 4161
1051 2132
564 5502
3736 4403
224 3870
272 4535
74 5815
564 2286
