7716 7178
564 5621
5731 5731
1942 2474
833 834
2012 3814
2816 2816
747 1664
783 5336
1136 1364
2286 6393
1799 3001
365 2238
1438 1486
0 2903
223 223
143 145
551 648
840 2260
747 2433
909 909
1137 1165
279 498
271 584
2007 4209
272 1871
0 2531
365 5283
856 2891
271 5162
1872 3707
783 2602
3563 7062
271 3153
4323 4323
583 5491
1352 2777
783 2244
747 1320
2100 4108
912 1130
3828 5741
2468 2629
1876 1966
271 5641
271 3576
1137 1738
894 1009
3436 3436
279 1137
1872 4194
378 1986
138 2800
808 2468
2891 6412
572 4305
2436 2468
72 1551
331 2516
1059 1059
1965 2070
868 1236
998 4359
680 868
279 432
1137 3473
783 1405
30 7657
2304 4918
1031 2046
279 440
2891 6132
1782 3436
1035 4038
3820 5741
314 3174
1137 2350
608 4442
365 585
785 6190
93 743
3427 5060
271 5959
271 2827
271 1459
906 2125
1137 5042
4040 4462
6555 6555
764 1688
1600 1696
308 2516
271 6435
314 2118
2988 5906
783 3014
1325 1325
1348 2304
1871 1871
833 2109
525 526
611 679
572 2075
271 6218
70 747
1352 1352
2891 5475
2152 5816
0 1560
1889 4350
271 3104
507 618
680 2891
6973 6973
365 2105
1871 4385
988 4191
641 1985
2891 5317
271 3057
3826 4345
2474 3034
890 4168
2125 2379
1010 1980
44 143
115 5906
2618 2618
0 2123
271 3487
622 622
749 776
83 2988
957 6613
0 4
1274 1464
1008 1011
93 769
1887 2636
5027 6131
1057 1057
271 5872
3001 5530
1274 2891
271 2432
2016 2016
1904 4060
0 1268
6935 6935
365 4198
3792 4168
1390 2563
3074 3074
145 2891
271 6117
2844 5391
271 3309
572 624
1024 4420
400 5374
783 5857
755 910
2028 2646
2737 3886
700 3881
365 920
1880 1895
1872 4097
1081 1137
1380 1792
1011 2715
747 766
271 3627
1264 1490
365 1797
70 271
72 1137
2748 4100
1352 2722
4189 4189
1533 2392
1008 2715
216 279
238 2120
271 2348
1008 4162
1695 4658
1670 1728
365 2871
238 327
4016 5499
81 2152
3727 4099
0 3441
1041 3927
1392 1591
2516 5437
3792 3995
6526 6526
1251 2142
4000 5499
2474 3001
572 3758
801 1871
2714 2717
271 1782
3978 3978
895 4509
3290 4564
365 2220
1001 1984
996 1924
912 2254
138 382
572 1904
1893 2793
912 914
575 2038
2751 2751
1137 5351
1011 4106
3944 3986
271 6157
3926 4392
1137 2871
394 1137
2468 7062
93 1872
1872 4099
764 1502
365 2478
110 1782
365 3475
1635 1664
912 2100
143 2988
7 1792
1064 1137
797 958
1492 6261
1421 3687
888 2781
271 1064
2172 2468
1130 2891
1980 3921
68 143
1035 2717
1044 2377
2774 4054
365 1006
398 523
365 1600
2429 2429
564 1395
279 459
1693 1693
572 912
551 740
912 1325
1942 2772
1136 1248
143 2254
2891 6076
2125 2903
572 3983
1872 6570
1137 5043
1137 6123
107 138
3876 4261
6215 6215
1969 1969
3859 6663
1137 2510
1144 2872
2600 2600
1036 2668
2007 3891
143 5224
622 4082
271 6498
551 647
988 2891
81 115
962 6564
2618 4475
672 672
1909 1910
0 5747
2515 2515
1212 5052
271 1635
271 5161
980 3918
1011 4136
0 5303
272 608
143 785
377 6513
3290 4661
891 4233
1894 4532
356 1736
81 2914
0 102
314 5316
2694 4057
1137 5812
1499 3498
783 2942
1274 3573
1884 2706
2516 5906
761 1117
625 1035
2707 3821
131 2395
3529 5543
1110 2441
279 431
913 1622
156 4040
1137 5949
912 6153
5719 5719
2891 3663
792 4549
71 81
93 2891
752 910
383 2510
1048 4007
747 1641
747 913
1137 2478
510 2891
1693 2891
2737 4471
896 1946
783 6067
365 2254
683 5361
2350 2350
1154 5065
3792 6540
988 4208
833 2108
572 2074
579 1137
365 1981
272 3970
1580 2468
747 3210
5460 5460
2104 3665
365 912
1137 7044
783 2479
0 2254
2700 2891
912 1149
1044 2049
909 5307
2150 4981
1562 1942
0 5119
138 2055
2891 5151
3001 3001
365 811
1024 3904
6661 6661
271 5407
271 4461
143 5816
272 808
912 6197
1991 2468
507 873
331 4305
3597 3597
1160 2162
271 1480
896 4135
523 2125
271 1422
2044 2044
1087 1662
1352 1979
93 1339
2614 3517
1352 4040
3187 3189
1437 1437
2468 3683
6202 6202
366 6575
271 5755
0 6060
1080 1137
377 2742
2114 3187
3753 3753
138 1012
523 2286
3826 3978
0 5637
957 3967
0 5876
833 2112
1010 4350
700 3864
651 782
4119 4120
2043 2704
314 2330
271 785
572 3736
271 3010
180 920
529 529
1035 6599
2017 4289
801 2776
2621 3738
5391 6933
712 712
1163 4582
0 3649
615 808
2474 5459
1536 5361
2903 3059
749 750
365 2966
81 5496
236 591
827 2476
238 326
143 1547
2137 5052
1130 1522
2646 4099
271 2338
143 1397
753 3210
93 788
331 2306
133 2516
365 1343
1882 4131
1177 1392
3706 3871
1137 1450
1237 1237
792 4708
2044 5499
1904 3760
271 678
81 5045
267 523
912 3218
2007 2694
365 5372
2699 6609
271 5238
2652 2807
3141 3141
1650 3218
2891 3593
801 4057
572 3829
2721 5499
365 1079
1130 6303
34 81
919 919
2007 3945
272 1038
2891 5167
5045 6153
81 279
2665 2891
271 5489
2891 3116
271 1063
365 2279
3973 4319
1137 6078
143 1051
271 5357
93 642
1370 3269
1035 4060
271 6934
3764 3832
551 739
1034 2002
271 5953
680 747
2891 6073
748 910
1137 5050
1782 4984
394 5906
2891 5888
1044 2734
365 1255
277 365
1585 3203
0 1533
1223 4661
143 2433
551 646
28 2121
2468 3863
138 868
271 1766
272 2012
257 591
2392 3696
516 2661
764 774
1110 3683
377 1901
378 2613
2891 5422
4040 4146
271 5050
64 576
1051 1193
859 6312
747 2100
868 2145
271 3680
2137 2242
1011 3742
2377 2474
2063 3973
4292 4292
1900 4319
0 138
271 1135
797 1997
1777 2614
2678 4394
81 1981
138 145
859 3683
1137 5723
1890 2618
1942 1944
271 2478
2307 2468
0 2125
271 2271
1462 1825
1137 6051
3066 3066
580 611
1252 3593
4166 4305
271 2293
1137 1961
2114 2837
998 4179
4066 4066
2407 3141
743 5710
104 1667
257 2197
888 3822
572 2780
1591 1687
2699 2699
747 1640
1528 1528
747 912
1811 6540
66 6148
681 2145
29 1121
402 523
1011 2068
1008 1032
2 81
0 4305
4168 6580
833 2107
271 5205
382 3845
584 5756
1325 2614
21 783
365 5331
1099 2891
1885 4395
1872 3804
2468 3728
761 3333
365 3597
912 1541
2516 5443
272 2479
271 3621
0 241
4083 4083
1137 5871
3947 3947
271 2528
1343 2891
868 2343
1942 4301
1013 2741
783 5018
1927 1927
365 2334
344 1892
1130 5810
6171 6171
271 2220
5731 5960
271 1093
143 5815
271 2510
3904 3904
0 3597
1130 2151
641 4382
6518 6524
271 2404
507 872
365 5242
1011 2545
0 596
271 1366
1137 2341
1402 5020
1522 2478
119 912
271 1421
2135 2137
271 2138
3409 3409
610 2299
1137 2286
1008 3760
1745 3506
1137 6476
3948 4160
4351 4420
868 2988
271 1406
3968 4207
3329 3329
990 4116
0 2828
365 1229
868 1981
1137 1230
1239 1551
1011 6560
2395 5587
1352 3876
116 3144
1652 3219
2651 3833
3832 4026
1137 5464
1218 1218
46 1099
2787 3765
227 1984
783 3548
1051 3008
4111 4261
5094 5137
271 1994
3876 3876
2911 3118
1872 4095
516 521
564 6115
271 1883
271 2243
2125 5606
107 3599
2114 5139
859 3170
272 1027
2731 2750
912 1430
2637 4055
377 4287
785 2891
271 2555
564 5992
801 2966
2891 3218
1008 2717
107 2607
912 6356
100 564
749 751
2263 5094
1959 3847
833 5347
1993 2706
143 1088
271 2347
2344 5731
365 1069
279 279
4267 4469
2786 3832
2739 4170
372 2012
2392 5165
365 564
1664 1664
365 6149
1137 1138
1670 3240
1406 3638
1137 2125
764 1652
747 988
143 868
2642 2642
1136 1693
279 2211
143 2343
783 890
4470 5094
31 145
272 4159
1916 5741
564 5134
1137 1168
1136 4739
271 568
272 2773
2392 2476
1652 1652
2079 2224
2891 5547
1872 2682
2085 2665
2822 2822
2472 5747
271 5022
3714 4013
0 2478
3673 3673
81 1351
271 3652
365 3592
2114 2235
988 4086
3187 4728
272 895
1000 1000
257 3692
365 576
1008 2706
3783 3783
912 6358
2891 6327
2554 2891
1320 5921
271 2376
34 271
2019 4479
1406 2430
279 457
138 1320
4040 4040
271 6072
2448 5078
1159 1159
365 942
407 523
591 1981
3764 4080
5553 5553
911 1137
2819 3832
599 599
564 1904
575 2694
271 1241
1137 2508
2759 4159
988 2620
783 868
2108 2108
81 6185
101 564
747 5783
2828 5320
331 2988
311 314
2636 4275
139 145
608 2068
572 1873
365 2177
272 2683
365 5284
4168 4168
1192 3143
3725 3725
1872 3706
671 1041
314 5536
1942 2225
2777 6598
1121 2988
3187 4672
135 1137
1137 5575
1013 4346
1382 2872
2891 5239
1942 4194
3683 3683
564 747
523 689
957 2703
365 5758
2891 3154
1008 2772
47 2007
521 4088
2891 6943
271 3386
1177 1575
279 430
1137 3470
1268 2341
955 2756
279 445
271 1564
591 747
2137 3138
365 2263
365 4989
3763 3763
2756 2756
4227 4227
2614 3772
625 2767
1352 1946
365 728
832 1992
143 155
1137 2789
271 2692
0 2882
11 2988
302 1872
1137 2700
3121 3859
833 2106
81 100
1352 1355
0 1492
2699 6561
680 934
0 2596
0 271
1011 3953
331 332
272 572
143 568
1900 4382
2125 5329
1044 1942
271 4975
5094 5834
272 995
81 5375
4023 4236
2468 2717
1959 1983
1137 5876
402 817
238 271
797 3881
5391 6293
1900 6607
912 1811
138 707
3832 6542
3935 5499
833 5303
1137 3584
1071 2022
618 619
1235 4739
241 241
271 6013
279 420
278 304
271 1478
2957 5930
1441 2468
486 636
271 2137
271 5986
1352 1981
747 1777
1883 3776
2234 2234
2891 5818
81 394
3849 3849
895 1872
1137 2474
2705 3736
2384 5118
783 5932
2468 3926
5856 5856
2468 3186
1335 2395
2654 4175
4385 4385
747 1404
1945 1945
1669 1669
302 608
523 785
4207 4227
93 912
365 2359
0 3647
378 892
1108 2082
1008 1998
1035 1944
0 2095
868 1553
2891 4040
3568 3568
378 4166
1335 2891
2510 3569
271 3415
2125 6274
2125 5186
1113 1137
238 325
271 2433
1635 4662
3709 3709
3031 5282
3757 4433
912 1635
762 764
0 6233
890 1893
365 5063
2286 2468
1137 3537
2463 2891
726 1137
2696 3792
523 1406
709 709
0 2968
271 1779
236 636
1971 2667
1984 2468
272 4274
365 5630
832 1948
1889 5499
4268 4268
378 378
1764 1764
783 5791
745 746
225 279
4148 4269
331 1977
1909 3845
272 1957
1022 2791
1137 5438
120 143
365 2172
575 2039
2863 5554
833 3063
1872 2683
228 307
678 678
2093 2392
2602 2602
272 3885
1543 5637
143 2088
1043 2468
785 5285
1243 5701
279 637
356 1137
2928 4970
365 1410
2709 3715
272 1042
143 5906
680 1067
2703 2706
377 2054
1804 3588
2010 2729
365 2392
143 1181
4007 4007
271 5487
1137 5819
1040 4262
145 271
2253 2863
912 2437
912 3435
1137 5746
271 2474
143 1050
241 5401
1183 1183
365 5193
2007 2114
3975 4377
107 1093
378 1035
5829 5829
584 6223
912 1235
730 944
1893 4350
1352 2033
1137 3535
1008 3707
2888 3517
2510 5891
551 1981
859 5894
1006 3814
859 2891
5281 5327
3736 3939
271 6331
636 818
783 3066
572 611
909 5052
1113 2891
988 4473
1235 2226
271 5071
608 2067
2689 2891
992 4534
358 6012
572 1033
271 6158
143 783
0 1547
1352 3026
354 4319
4040 6680
0 988
3600 3600
1664 3357
356 1735
414 2891
795 2891
1506 3170
1178 1274
365 5871
990 6603
1871 3807
4246 4246
238 1137
2891 3155
32 584
138 1893
5580 5580
378 1990
46 46
2786 3965
138 4319
1797 3490
271 1004
279 421
629 3824
4330 6661
365 1067
3506 4945
271 939
4176 6639
279 444
285 423
912 1343
2516 3645
1137 3665
912 2891
1228 2476
608 1044
271 5866
572 2795
4319 4382
1635 1650
272 6578
2618 4229
572 2717
365 1208
2468 3792
1161 1251
2468 3836
93 2460
833 2105
636 661
1803 2392
81 99
0 1147
1343 2551
783 5764
0 365
1137 2929
509 1199
962 972
0 2450
365 6036
747 758
1137 3116
3926 3926
2392 5580
0 599
0 912
0 939
2891 5218
349 1008
1406 2234
1876 6555
271 3596
271 5546
1211 1456
0 5063
2963 2963
1553 2591
365 1108
1116 1541
2769 3806
158 279
1207 1207
19 5816
1343 4142
618 620
808 986
3441 3441
1872 1881
271 2176
988 1878
143 1108
2063 3768
1909 4482
1012 1945
768 910
2700 2700
2678 4408
1137 1602
2125 2827
271 1312
1871 2693
591 2125
271 747
3187 3188
783 4377
1406 1904
99 107
1137 1455
271 1165
1745 2216
523 1108
1650 1650
1137 1229
764 2614
325 2600
5953 5953
1022 3786
272 2052
608 1942
331 623
365 3029
271 564
3333 5906
957 3852
314 4951
365 5464
1137 2975
410 5928
851 2197
575 1872
523 1343
755 771
951 1130
1352 2668
3227 3227
2088 6356
138 785
2457 2891
271 4132
2460 2460
868 2468
1352 2611
1580 4641
1883 3724
2341 2614
1006 4497
747 1352
2474 3144
683 2392
0 3646
1388 1388
271 5550
1137 5756
1942 4416
2468 4411
143 1087
1008 1918
747 2836
2414 2414
81 2988
1035 2061
4968 4968
279 477
365 3863
1018 1018
271 2177
238 5536
909 2239
581 1108
2336 2336
1618 3218
1137 1137
143 988
0 6114
868 1815
1137 4998
2693 4336
3470 3470
271 1778
279 2210
143 2341
410 3692
2891 5706
1406 5499
107 3154
365 1100
271 5177
1981 2788
783 5792
70 783
271 567
365 5392
365 1541
1942 2100
1893 3948
1944 4121
572 1944
0 5421
912 1565
244 2392
3733 3969
3177 3177
3559 3559
382 4004
2137 2137
1942 2676
1054 1054
365 3473
783 2386
107 912
93 868
2780 3731
1490 1670
868 2554
271 5486
1137 5818
591 676
2341 2407
1900 6575
2382 2468
10 81
572 808
365 1147
4535 4535
271 5374
271 1081
143 1201
2891 6952
1018 3965
1343 1815
2043 2474
1010 3732
410 2545
2451 3527
1137 5982
271 4382
2818 2818
2771 3830
1011 4239
1544 3509
271 6933
551 737
1994 2709
365 568
2173 2173
2043 4466
3727 3845
143 2468
859 3559
331 5906
271 2872
1100 2125
599 3998
279 2201
895 2991
3716 6640
1137 2514
138 1035
2235 2235
4320 4320
138 962
1137 1383
365 5547
1185 2260
1212 2893
1137 2518
143 1901
2125 2474
3096 3096
271 709
1130 5063
1050 2828
539 1137
985 3703
2088 5070
764 769
3986 3986
74 145
1137 5324
365 2094
668 3792
0 1406
1054 2082
1229 2068
815 1871
745 5731
2510 5015
999 3993
1040 2034
1352 2795
0 246
365 3410
385 3801
1135 2474
3832 3840
1012 3770
365 2397
912 1406
271 1133
2679 3825
912 1067
4396 4396
4148 5499
2733 4032
0 79
766 1635
410 1864
2891 6410
1958 1988
379 6562
868 1235
758 1137
1099 1706
1201 2498
4421 5499
358 912
70 356
610 2091
279 435
4305 4399
3966 3966
271 1358
2005 3727
564 5529
1577 2468
107 120
747 775
868 2818
1607 3310
400 5038
1137 2563
271 2899
2675 4490
365 764
378 1942
3034 3167
1026 1900
912 2665
783 912
271 6458
1782 2829
1012 6598
912 5764
1024 2891
271 6333
358 7657
833 2104
257 1864
272 1945
365 1567
783 5889
2085 3333
24 5815
271 6309
957 4332
3167 5548
981 2468
3850 3850
769 1659
378 4501
957 4449
6600 6600
271 3986
783 2429
2795 3829
1240 2392
1777 1777
271 2526
988 1137
868 1346
762 5257
365 2333
988 4011
2012 2621
2478 3035
6028 6028
2382 3489
66 5020
1914 2795
618 621
261 358
1942 2053
419 2988
507 883
271 1529
995 995
564 5492
890 2793
1764 6126
1092 1438
72 3120
138 1108
564 1893
1266 2085
262 1160
1234 1234
1274 5386
832 2022
261 5906
2047 2468
572 2688
4251 6528
1137 1397
1893 2641
81 5065
2297 2893
608 834
572 2007
378 4077
138 1406
1944 2666
608 2024
1133 2309
314 2441
3517 5756
1422 5904
1872 2705
523 524
2063 3861
1343 3010
1137 1683
17 2193
2225 2772
365 2577
406 3613
783 2468
138 783
5652 5652
914 4280
272 3746
1945 2777
783 5259
1137 5515
143 1782
107 5966
958 2007
4283 4283
988 1035
783 5002
271 2449
2071 3765
670 1137
1989 2681
365 1635
271 5434
1011 4410
949 2891
629 3873
1357 2445
1067 1335
133 238
864 2819
1927 2641
1137 3427
3420 3420
514 523
1031 3778
3934 4022
271 6994
365 6158
4728 4728
177 279
848 913
1008 1811
54 54
271 2962
1896 2795
1408 1408
572 2740
697 1942
1106 3675
1991 3961
232 271
700 4425
81 1122
2404 5906
1268 1550
1137 2662
365 5391
812 2052
143 595
6932 6932
279 1359
2286 2891
365 3675
1872 2668
1544 2614
753 1663
834 4070
3290 3290
325 1053
0 290
957 1352
1393 2088
2084 2084
379 571
912 5783
2478 5911
377 2073
4014 4305
365 846
1108 2028
366 1961
271 1130
1585 2468
271 2581
868 2306
2741 3736
271 2472
2350 3144
783 3506
314 5997
0 6444
4040 4331
2647 2647
79 271
331 4319
271 5354
143 1137
2238 2341
1882 6521
24 143
271 6932
2778 3769
2468 5168
2573 2573
1923 2717
2891 6211
0 1352
868 1782
868 1591
277 564
0 5935
1352 3828
1137 1193
271 517
2286 4890
2324 5860
1529 1529
153 2988
2047 2652
81 1070
1067 3483
2392 5921
2212 2988
29 1211
2298 2903
271 3073
365 5281
2306 5906
56 2988
377 6514
582 3300
2384 3675
572 3783
385 3709
1011 3893
1000 2815
3908 4305
365 1776
377 4259
400 1180
365 3398
271 3571
2089 3631
5540 5540
988 3988
1652 3357
2928 5106
888 1352
1872 2015
2238 3541
1137 3474
1048 4518
372 702
1137 2244
271 381
279 434
313 5530
572 2474
1137 3670
572 1035
579 579
1622 3227
2621 4354
1187 2304
138 1544
868 3004
1133 2478
2889 3517
1352 1777
599 1011
70 70
365 2272
3300 4545
2891 6464
1011 6527
0 2874
365 5550
1871 1955
66 5906
1320 6186
3211 3211
2694 4443
3846 4096
1801 2891
2648 4137
385 3985
1624 1656
2709 4075
68 3093
1745 2891
271 3004
271 2244
2719 3771
1420 1420
3083 3083
615 618
2468 2714
271 3700
0 2307
143 1086
1942 4305
4181 6524
517 523
564 6034
293 2748
143 1081
1008 1894
1782 5547
271 2506
1335 2874
1900 4133
279 285
1942 2056
2557 5552
1907 2468
833 2468
1163 3252
1899 4046
4192 5499
890 2794
271 5918
0 1739
1101 1137
988 4500
868 2614
936 5906
2478 3096
1319 2614
143 236
1101 2427
4351 4424
3806 3826
1137 1453
1035 3724
868 1635
572 2687
2646 3727
271 2619
154 1110
365 1227
1988 4119
0 2772
365 5472
564 912
331 625
1137 3814
2678 6527
890 1137
783 5856
3832 4078
314 3433
365 5282
93 279
5241 5241
271 1600
93 3575
4072 4072
2510 3092
271 914
4096 4099
0 1397
1406 1772
988 988
868 1024
0 1011
138 236
101 2891
523 783
0 2577
891 1985
1942 4142
747 1358
0 145
356 4553
365 1744
2478 5832
928 1137
572 834
680 2468
1745 3151
4093 4093
0 3577
1877 4342
328 2516
2734 3792
1663 3333
3240 3240
271 2335
1985 1985
868 2692
564 2145
2088 2157
2615 3780
3824 3824
2341 5916
1051 5613
1406 6055
2891 5986
747 1650
271 2769
868 1883
271 1777
279 2209
93 5096
2100 4245
940 953
1108 2468
0 2891
267 517
5052 5052
376 3788
3926 4324
4471 4471
774 774
895 4336
747 1553
271 5261
1981 2697
2651 2805
529 4262
362 362
1872 2678
3118 3118
743 4910
2225 2709
1871 4484
272 3915
1051 2968
174 279
271 839
783 2266
1010 4256
242 328
783 3414
365 777
2085 2394
2791 2801
272 967
81 786
912 1108
529 4428
910 912
858 3832
910 1663
686 3499
271 5372
14 5906
325 539
271 5461
1041 1041
271 2372
1004 1942
1553 2614
2687 3809
81 3333
891 5499
271 2286
271 6931
2108 2500
551 736
1137 2385
783 1739
271 2100
1901 4007
0 6316
1947 1947
886 4382
1906 1906
3217 3350
1921 4093
271 2896
747 1659
2793 2793
7 7
2683 4227
1137 2223
2125 5690
1335 3578
289 401
1212 2891
379 3987
4020 4020
2057 2618
272 4043
2699 4312
2168 2168
2770 4421
1693 3250
2476 3433
5714 6464
622 1872
378 2742
1178 1178
365 5280
1782 6329
2627 3728
983 985
896 2023
365 3593
572 3915
988 3829
1764 2474
271 5045
572 2100
996 1037
271 2479
673 5932
333 611
60 279
3041 3573
641 641
1782 6137
143 1138
1872 3956
2468 5747
0 2318
2160 2506
4322 6526
917 5002
3517 6252
1406 2138
356 4686
2618 2803
610 5713
0 2143
1872 2012
376 4530
273 4600
996 2009
271 1474
1048 3725
2395 5496
1044 4245
1921 1921
271 2132
700 1879
995 1035
1900 3755
1149 1568
1210 2392
365 766
2662 2662
0 1312
1137 2480
4345 4345
1357 2662
402 533
365 5553
17 257
1942 2013
1799 1799
1011 6594
2891 3617
909 1394
2043 3803
914 3774
0 362
0 5392
2104 2176
1212 1212
2088 5143
890 4416
272 575
2618 6689
238 4910
781 1900
565 1043
271 3617
271 1944
669 1591
2722 2722
81 257
2474 3138
365 2428
5606 5606
1507 2392
859 5684
69 1401
3596 5540
1212 5307
868 1541
2891 2988
3144 3144
68 868
271 1543
271 2173
1165 2891
81 795
379 4319
636 1860
5350 5350
1406 2478
1871 2651
86 241
277 868
2102 2104
2022 4156
1137 2155
2220 5134
1234 1235
2043 5499
651 4382
0 2929
271 1403
4 957
988 4259
271 2618
1137 1396
271 1803
564 868
955 3792
15 81
271 6460
2474 5168
1073 1137
1137 1177
523 5142
834 2682
2471 3675
2700 4466
1872 2816
3824 3918
2889 2889
271 6241
1137 3720
228 6364
1137 2974
271 3218
4138 5499
1130 5115
142 143
4234 4325
1352 1630
378 2681
271 3129
912 2988
568 747
4969 4969
356 356
365 1406
365 2562
1406 5165
2682 2682
1407 1568
365 5938
371 371
271 3597
4582 4586
3389 3389
257 365
0 2088
40 610
271 7120
365 1704
143 1085
915 2891
271 3412
2678 4239
99 1137
365 6412
365 1591
228 2516
365 2890
143 1544
143 2665
2894 6347
1137 2387
271 2334
1041 2729
365 2384
365 1207
810 4515
1137 3613
1320 5528
890 1768
3763 4170
1130 3703
957 1927
1136 1371
1100 1130
2100 2614
279 2208
1036 2678
1455 3187
2145 2589
1008 3983
618 808
2135 5094
4212 4212
0 5621
912 5329
2089 2089
1981 2789
381 2286
832 4181
365 1156
1872 3820
3832 4205
825 2155
271 5152
564 1153
783 1137
0 1054
17 2198
271 5042
1137 5678
279 948
378 608
797 1137
954 5499
608 2709
259 834
1024 3860
1011 4456
365 2385
372 572
1035 1904
494 636
868 3693
3924 4372
599 2891
2716 4100
402 2593
3728 4469
1600 4604
564 1225
271 7044
271 5352
642 1130
2107 6034
2891 6135
271 1560
783 1791
1011 1011
116 2515
120 2341
271 2099
2468 4486
223 1046
1506 1506
608 1024
1051 3632
0 1358
2529 5342
139 625
3593 5049
868 1777
314 2169
271 659
2741 2741
701 3720
2476 3559
1335 3577
2891 6137
0 3003
271 6328
2836 2940
1872 2696
19 610
884 4189
903 1922
523 526
257 1137
1526 3593
2015 4072
700 3923
1624 1639
868 1108
2474 3227
365 2095
909 2297
81 1184
572 3918
600 974
783 3457
1904 1942
2052 2814
1635 3220
1653 1718
2137 2239
1406 2562
138 1942
17 2988
271 277
2468 2476
801 3716
868 5168
2069 2821
754 1895
365 2301
1872 2013
1602 3312
1048 2004
4040 4249
2872 6483
2468 6586
868 1406
887 2027
912 1346
279 433
1782 3441
5445 5445
745 912
5020 6148
81 1380
271 2824
700 4232
3883 6571
488 636
2088 2521
138 523
1562 2056
143 821
93 2385
2468 2642
518 1052
271 5202
572 2067
272 2748
66 271
1137 6933
808 3993
2737 3874
0 5391
137 531
1541 1746
2968 2968
2618 6574
2474 5499
25 5816
1894 4380
240 2988
350 5906
377 4510
747 748
1137 1804
54 6320
1137 5547
2096 5731
1352 2690
2007 4084
80 2891
2903 5566
868 2341
271 3593
1035 2742
3187 3262
2647 2777
249 279
336 611
4166 4166
857 4638
1176 1177
377 4055
3851 3851
1008 1896
2330 2330
1942 1969
2891 6385
905 5678
1031 1872
507 881
783 5641
1130 2318
143 1541
564 5489
271 6962
271 5916
1217 1371
6464 6464
93 2838
2733 3832
409 523
700 1968
365 2635
303 690
313 314
271 2845
2828 2891
4305 6599
2700 3872
747 2545
2341 3693
14 271
1745 2122
0 1201
2618 4359
299 551
1881 2991
3801 3861
756 910
1652 3217
856 856
378 3956
1872 3844
2891 5553
271 6122
272 3889
3427 3427
2891 5460
0 257
143 1325
783 2464
1259 5096
912 2186
1791 5391
365 1408
1042 4098
1032 4471
409 1318
45 81
272 1010
1067 2882
3828 3828
365 833
1013 4200
0 5006
751 910
1130 5742
271 5573
276 2392
516 7663
1950 1984
749 756
1942 2974
0 104
1059 2125
1130 2919
868 1529
271 5347
1956 2022
890 2077
271 1545
1942 3760
236 2891
681 2468
4469 6571
365 5156
1137 1907
271 1325
572 2741
365 2891
2082 2082
279 479
2614 3565
762 1635
94 2988
143 261
81 2306
365 1183
608 1872
0 5585
1024 2751
271 6382
365 3046
0 1499
783 3625
1177 1569
1027 1048
2753 3748
1872 2676
271 5151
749 1663
331 341
1006 1035
1130 5201
1568 5906
2683 3890
868 2224
821 912
1067 5390
24 116
564 1480
1035 2991
93 138
572 810
271 1078
957 6523
3875 4377
1767 2117
962 3954
764 868
0 45
1137 5959
671 2622
81 3237
1695 4601
1343 2515
93 5071
271 1272
608 3389
912 1233
1137 2318
2706 3733
2875 2875
1137 6131
1957 1957
2150 5913
93 5038
2085 3573
491 636
2293 3531
2085 2085
93 6291
3687 5670
1137 1191
1893 2636
81 350
81 110
868 1325
272 1883
2676 4305
271 6301
551 558
279 559
1038 1038
2784 2784
1010 6641
4201 5391
365 908
365 1430
2468 3074
81 143
1882 4147
1042 1872
868 2100
5065 6297
271 5632
400 856
271 3568
272 990
783 1345
145 257
3235 3329
1240 3593
365 2300
279 395
2365 3427
638 1137
279 424
271 2394
1981 5906
365 1024
1008 2891
783 1241
271 1796
3818 4305
143 1406
257 2212
271 2130
912 1253
271 2823
372 808
2664 6522
1130 3527
992 4130
1506 2436
1137 5242
2400 2420
3240 3273
601 2680
6476 6476
125 279
71 271
272 4110
958 4028
0 5794
271 5201
2709 4245
325 3478
4245 4245
1944 2008
272 1909
271 5094
2125 5419
523 531
565 808
271 1656
978 4148
271 6212
2468 3832
747 761
314 5562
1408 1739
4286 5391
747 747
912 5829
138 912
988 3730
356 4728
2053 4330
5816 5906
1013 4322
1335 2992
1653 1694
2706 2706
0 5029
1872 4166
988 4014
0 2115
1872 2056
833 927
912 2377
823 832
2891 6386
1137 3525
0 3571
271 5317
271 1008
145 371
143 1130
912 941
507 880
3873 3873
271 6036
3886 4000
1160 3145
345 986
4292 4412
401 542
1871 2650
1008 1012
365 5042
912 1205
271 2844
627 4514
1002 2750
1872 2709
365 783
1137 6394
145 607
1670 1670
2627 2627
1243 1961
1959 2468
608 1944
572 1998
777 1343
2005 6636
408 523
2775 2891
2516 6296
271 6078
3517 5818
1357 3848
1946 1946
0 2585
271 912
143 6231
1212 4953
3922 3948
1137 5617
962 1872
1160 1527
365 2088
271 1969
1137 1406
868 1319
2872 2872
797 3832
1986 1986
984 4003
1901 4257
1035 2033
350 2928
599 4241
3502 5731
1015 2065
914 3967
581 1373
271 2448
2056 2675
807 4382
143 1084
680 912
1010 3819
2303 6028
912 6115
3509 3509
2043 4376
1499 2421
271 2095
2030 2742
1921 4020
2437 2891
1641 4620
777 1942
2125 2891
365 5044
1969 3753
1602 1698
564 3627
2671 2729
1861 2988
1137 5000
4008 4008
912 1904
4379 5569
3401 3401
0 5584
957 4116
1137 1544
271 5259
97 143
957 4280
1406 1410
821 840
1137 5357
1137 1319
2891 5439
143 1343
394 2928
681 681
2966 3963
1044 1872
1011 3856
116 143
145 912
107 2474
3931 3931
1137 2993
1137 1745
1916 1916
271 5392
317 827
1872 2007
2056 2707
914 914
2476 2902
890 4120
2098 2114
912 6260
0 2333
271 7042
271 5350
279 452
909 1212
1199 5401
3826 5741
2076 3736
271 4176
146 2988
238 2468
271 1343
523 1051
912 1944
5027 6182
621 808
747 1624
783 5338
2614 3713
833 1108
1980 6657
2891 5779
1893 2637
2379 5507
6131 6131
3826 4031
1116 1137
2085 3001
0 5475
4100 4100
344 3719
72 912
572 1893
551 557
1183 2235
654 3986
271 6179
564 3010
912 1525
3189 3261
2474 3313
378 572
912 1469
758 3211
1137 3035
1942 4201
2043 2677
783 2203
81 269
1871 3809
162 279
2774 3843
564 5925
2043 2820
257 5906
1358 2347
2468 2474
271 3479
1040 2796
656 2828
0 36
135 2510
564 1406
942 942
1575 1591
1961 1961
572 2759
118 120
3541 5301
3832 3835
2307 2891
2694 2822
3020 3020
957 3757
868 3144
107 546
365 5589
145 1528
104 3187
372 1009
81 566
747 3541
783 3020
156 156
271 1745
2043 6573
3832 3971
1067 1388
279 484
599 912
3918 4513
2891 5480
143 680
1067 2429
5059 5059
1872 3771
746 5731
271 6211
53 271
365 917
2400 5543
1137 6961
36 1798
1137 1688
797 3858
365 5793
591 1158
271 5542
1553 5028
706 988
382 2474
145 1107
833 926
859 5682
766 3218
1081 1464
272 372
2468 6518
1051 4416
5741 6217
1942 2059
271 2397
507 879
271 1541
783 5650
2789 6586
2085 2891
1048 3804
1011 4214
1008 1013
66 66
807 807
2468 3931
624 624
2455 2891
356 2145
657 2891
365 785
967 2618
143 269
1137 6393
145 606
1024 1352
81 145
1995 2991
1223 3185
81 546
72 143
868 3541
1900 4068
764 3210
764 3862
2392 2444
81 87
1352 3769
1872 2699
1137 1471
1357 5123
3517 5819
2012 6545
52 2143
1397 2067
1872 4089
1901 1901
1024 4086
3829 3829
783 6392
368 2012
680 2240
1067 1067
868 1320
272 1008
2752 3865
629 4353
3114 3114
2678 3966
1335 5462
1008 2044
2742 3873
811 2468
2107 2885
925 2614
2425 5401
271 3763
1915 1915
957 6556
3975 3975
1192 1419
2286 5920
610 2152
1942 1981
271 2427
271 1544
1137 5896
610 2249
1499 2422
271 2333
107 606
2777 3952
1704 1704
277 6082
2468 2786
2679 3832
834 1035
271 2863
4486 4486
5065 5543
1152 4925
385 1894
69 81
271 1774
271 5775
271 591
0 5583
46 1591
376 3792
365 3068
271 3163
1263 1580
608 869
365 1539
1137 5445
272 2694
2104 3595
2891 4593
914 3851
382 2056
2085 2614
271 6150
314 2382
560 1009
1137 1656
381 2474
344 3958
365 2495
382 624
271 3670
868 1335
2384 2891
4207 4207
1051 2468
365 792
271 2577
1702 1702
143 2891
271 5391
672 2341
378 4207
3745 3832
761 1662
59 564
2516 6045
143 365
600 808
868 2836
271 3438
400 574
1041 2793
120 5306
271 6066
1163 3301
1137 2363
2678 4456
271 4175
1137 2301
960 2022
365 1357
1137 6109
608 4291
599 1406
11 257
271 1390
2636 2643
1702 2474
5845 5845
1899 1899
1872 2545
1893 2638
120 868
956 956
1137 2737
4306 5569
701 1007
572 1896
551 556
271 6942
2699 4188
997 1900
868 2237
4153 4417
1872 4042
1137 3128
3924 5499
236 912
52 783
1591 2114
1137 1777
48 48
3296 3296
2088 2397
356 4579
1942 4286
365 1766
958 958
3736 6523
365 587
3724 3724
26 747
0 2145
626 3735
2468 4461
1358 2891
279 422
271 2392
267 271
60 2988
279 301
564 2495
279 437
372 1965
386 551
2392 5115
777 1908
1942 3908
314 1160
759 761
2478 5222
985 4254
608 1049
5020 7655
1137 2565
1635 1642
100 143
145 570
271 672
2742 2799
0 2845
107 2084
2392 2392
3923 3923
1881 1942
2827 2827
623 1035
868 1051
1166 4414
1268 2085
834 1545
912 2235
271 3095
572 695
11 109
1335 5587
1004 1004
841 5731
868 2102
271 3613
1959 2017
385 3741
912 3585
993 1872
382 608
3845 4096
1523 2510
697 6616
951 1137
48 66
2991 4064
2085 2306
1792 3051
2891 5043
271 5683
0 116
1137 5697
1777 2016
914 4398
3734 6518
4038 4305
1137 6026
271 2422
1137 3453
271 1540
143 2614
2052 2052
856 2293
1137 1916
1464 3686
912 4975
1553 3130
271 3608
271 2150
377 3929
1172 2510
271 1420
1035 3720
271 728
271 674
1137 2460
271 2614
909 5077
376 2667
1223 3186
365 5471
1900 4069
1315 2384
271 2438
2891 5660
272 1966
1184 1184
1108 2784
365 3665
747 3353
3220 3220
271 5122
727 5094
365 2138
1547 6240
130 358
382 1942
3557 5164
2815 3725
955 2646
3859 4004
1469 1469
236 2201
279 653
377 1990
1959 2045
1137 6932
3799 3799
0 5078
3720 3809
890 4149
1011 3795
1235 4676
572 3992
2017 2725
1008 2724
868 2407
3793 3793
1011 4408
4350 4350
271 3435
3596 3596
2039 3831
868 1201
3707 3707
1825 1825
271 2426
1889 1889
236 562
410 2459
833 868
1872 4416
783 2614
807 4319
912 4917
4305 4519
1137 3617
275 4110
1591 1698
747 1652
1008 3791
764 1659
2468 4040
564 2398
0 1600
3763 3943
1702 3329
81 936
783 3150
0 2894
1006 1006
1137 3886
1234 1364
551 4319
1133 1133
2474 6226
2709 4286
365 3067
155 155
498 783
2041 4254
120 2125
1137 1318
868 3517
1901 1942
1110 5710
1987 2776
2054 2699
783 2449
271 3042
59 81
678 2392
2036 2614
0 5241
2468 2615
1976 2706
2867 2891
271 6979
914 4171
4014 4014
785 1137
3908 4357
75 1137
912 6385
753 910
1008 4322
2733 2733
0 819
271 2468
38 1093
1872 2005
271 988
1011 4433
912 2886
1137 3482
1562 5747
279 1495
3290 3333
1137 3401
859 2532
1137 1969
365 1991
564 1459
271 1492
3975 4466
783 5305
5613 5613
1348 1348
271 2891
747 1622
1348 2823
572 2699
2137 3177
0 2961
2106 2106
523 591
3908 3908
271 726
1893 2639
1236 3408
783 3029
2063 2721
1965 4226
2709 2772
2648 6569
1591 3923
551 555
1872 3792
399 544
0 5758
564 6395
1095 2863
868 2238
747 788
608 3792
1160 2902
1942 2709
1401 1401
271 3672
2433 2468
358 5552
1585 1585
1011 3739
957 2705
990 1322
1782 6968
1137 5794
957 4398
2114 4925
912 5168
378 4227
138 1492
272 376
1959 4029
865 3790
523 912
279 415
1243 2989
3792 3793
271 4428
1130 2333
279 436
366 3989
888 4066
5296 5296
2105 2105
1136 1222
834 4196
272 2225
2891 5923
365 1318
228 2330
912 1969
1893 3736
1357 2135
990 5314
3187 3263
3069 3069
179 279
1343 3565
271 689
2468 6477
868 925
1949 2022
271 3296
1872 2811
1529 2341
3720 3765
271 6235
840 912
271 3187
611 4129
523 536
1669 3330
1335 5586
1173 2384
783 6328
2384 2384
271 3697
272 914
865 4051
271 1113
2668 3893
302 2468
271 5272
271 5541
60 1211
4440 5569
1013 2627
397 523
912 1764
4191 4501
1318 1318
344 2061
271 2421
1160 2382
3188 3188
3409 3517
107 2871
409 907
834 6522
783 5462
392 551
2266 2266
1137 5005
2244 2244
1035 3719
750 910
2468 3736
1051 2043
792 1612
3832 4018
2392 3404
1011 6548
365 5470
1207 5982
2709 4311
379 3929
241 1137
2474 3186
1184 1185
686 688
1137 2960
1320 5252
87 143
358 1565
1013 2043
74 74
271 3640
3948 4112
973 1137
1137 5852
2150 3673
2699 6526
2468 2775
1137 3677
365 1140
3621 3660
107 2602
2348 2348
224 4473
2891 6996
2562 2891
68 2085
238 308
271 2425
5762 6011
3986 4446
138 2474
0 6395
990 4212
2621 4220
1607 3186
3986 4377
107 6444
1137 6236
2891 6092
834 1040
0 523
1108 3558
700 4193
1352 2019
888 3879
279 2202
868 1811
2828 2828
1421 5429
93 6179
565 1984
1438 2122
997 2789
335 611
2710 3832
1975 2614
143 3517
747 1533
2891 3670
378 2727
3915 3915
376 3820
1525 2235
697 697
272 2647
312 539
385 608
1872 4064
271 3041
783 6366
591 1137
365 3466
3904 3948
1140 1140
868 2123
680 5053
1942 4168
2891 5792
365 1764
783 1359
783 6190
365 2380
107 3117
355 2254
1010 3766
2668 2811
591 710
1117 3333
1406 2173
1130 2975
862 1044
3818 6548
0 3479
376 4452
365 7011
793 1343
279 455
996 1956
107 4950
564 1460
271 2912
2988 3421
271 5944
1137 6205
0 689
271 365
568 2468
143 2474
1137 2575
21 5375
1348 2824
4146 4146
1942 4059
747 868
145 591
277 3595
1921 3841
0 1553
1137 1529
271 5193
3832 4036
608 890
572 1897
551 554
244 244
1137 2938
38 143
4927 4927
1069 1108
1792 2891
912 1533
271 2998
783 2219
609 2468
93 1909
3973 4352
1137 3040
1137 1782
3845 4098
990 6611
1051 2451
379 955
3621 3621
2468 2471
18 3469
797 903
61 271
1894 1894
711 832
2005 4511
271 2264
92 1635
143 358
1872 1901
2678 3889
914 6535
2104 3118
18 5906
990 4242
1528 2304
2012 3973
1037 2022
138 626
1184 2260
890 2611
4386 5569
3872 3872
2222 2478
2474 2871
572 2670
385 1942
811 2706
1352 1942
1137 1996
5305 5305
909 2135
1458 1492
138 1024
119 358
156 4382
344 345
365 1165
385 2731
895 895
2125 5456
608 2007
783 5845
2784 4207
271 1591
2173 2474
912 1544
2678 6560
1243 2238
2676 2676
1137 1268
832 4415
2891 5303
2125 2220
143 3333
6073 6073
905 5224
564 3131
20 81
826 827
168 279
1011 3918
1886 1959
143 3130
1397 1469
2510 2959
1528 5543
572 3883
271 2546
868 1492
5065 6407
1035 1969
2891 6358
3496 3621
3014 5065
1000 1048
1048 4412
1695 4659
271 5313
1872 4396
271 2420
238 2295
1872 1875
988 1885
2772 3903
5392 6961
914 1942
2104 5241
3041 5811
1130 2224
396 523
365 1335
564 3700
2017 5741
808 4319
747 910
2012 4135
2891 3464
1137 1401
228 238
761 761
272 1322
758 1656
272 4136
365 3040
272 1971
572 2037
2137 3634
2638 3952
1137 2888
13 143
3961 3985
564 1792
2626 2626
1352 2755
405 509
912 2088
988 4059
2085 2430
783 933
564 4539
1343 1693
1942 2742
1984 1984
912 1383
365 1137
5714 5714
1032 2769
912 1024
2468 4466
983 3830
2194 2988
783 2282
1137 2063
455 2988
1901 3793
271 2424
36 36
787 1115
1137 5901
1970 2648
1137 2392
325 5059
3973 4104
890 1872
1871 2622
1419 2417
272 4414
223 303
2676 3902
1602 1602
3152 3152
3802 3862
912 1901
72 5856
2424 4966
497 636
785 5005
1022 3894
521 4194
1011 6578
365 1547
2382 5059
365 3069
27 1325
743 5003
608 2056
572 1915
957 4242
81 1792
228 309
745 6008
271 6147
4065 4065
135 135
700 3955
1990 1990
271 2228
2709 3799
783 6476
279 632
572 3728
2155 2155
868 2478
1111 1137
271 1906
445 2988
231 1137
3917 4370
2395 5699
2384 5577
3845 4099
122 228
271 314
1547 1547
271 2575
3350 3350
271 5388
365 2293
277 5528
4661 4661
334 611
4308 4308
1884 2732
1492 2194
365 2928
1137 4694
2822 5499
271 3436
1406 2412
0 60
271 2282
575 981
1130 6100
5025 5065
271 2911
2474 5783
5559 5559
1137 1884
271 1270
1137 3461
365 1358
362 564
2727 2727
271 2889
308 365
271 1254
1033 2795
1137 1421
224 4011
2012 3749
271 599
1370 2474
4261 4261
608 1901
2627 4305
1212 3177
5039 5391
977 2031
365 2988
551 553
365 2090
2125 3117
271 2043
1553 6483
107 5714
3845 4097
30 357
574 2891
2891 4984
2395 6326
680 2439
4412 4412
1008 2654
2891 6935
2882 2882
1199 6935
641 2748
1099 1099
271 1526
4440 4525
630 809
271 5999
271 2307
1137 1947
608 1004
2752 2752
2757 4003
741 914
365 523
271 5975
958 3858
1137 3564
365 1319
3801 3938
1035 3753
3187 3261
2024 2024
4936 4936
3211 3353
0 3130
868 914
271 1742
272 4087
1213 2117
1472 2125
271 6233
93 271
832 832
783 1118
2891 5385
5342 5342
271 909
1137 1267
1090 5202
271 4917
2709 3752
747 749
271 312
868 1969
138 2125
46 1370
1035 2039
271 2545
1343 2838
2891 5139
912 2492
1010 4039
376 376
1099 2474
2301 2301
138 1954
271 2443
271 3500
1915 4305
608 777
2272 3005
2474 3654
325 5682
1695 4660
36 2988
356 3188
271 2419
138 1343
143 1553
2012 4089
2891 2929
912 1358
1438 1745
271 5911
639 810
868 2665
1547 5617
365 6137
2804 2804
912 1201
2468 3566
1161 3005
859 2330
1051 5643
1137 2545
365 4933
1137 2254
2678 4246
5731 5906
73 1268
539 2085
365 3035
272 1969
143 591
271 6260
1893 3933
271 5119
271 868
680 5265
0 1130
279 2011
271 919
912 1492
783 2963
271 4919
3707 4257
1871 3717
912 2526
1048 2817
246 279
496 636
271 2570
572 3993
92 759
385 572
1959 3927
749 755
4344 4486
1006 2761
271 2360
385 1009
279 469
271 2423
888 4047
912 1319
1235 2468
912 7043
0 3406
269 2341
365 1969
314 3145
1458 1458
2125 2896
1782 5440
3241 3256
143 2125
1137 3541
5306 5306
1371 4709
2453 2468
3736 3823
365 2244
0 5920
267 398
271 2644
3258 3259
1897 4005
1352 3826
1013 3994
365 2232
365 5497
1741 4338
4148 4261
572 621
1137 1492
2478 2614
0 675
378 3877
2699 4260
100 360
3597 6040
4328 4461
2891 5352
2891 3445
909 2292
54 271
1959 2020
356 1690
912 3517
833 1137
1008 2737
1160 1387
949 1137
2891 6235
107 6306
905 1137
365 2828
651 1045
271 2123
406 2872
47 1013
1137 3593
2412 2482
700 2009
271 2888
978 5499
700 2022
2239 2242
3753 4305
1904 1904
72 135
46 1652
2618 6627
1100 2497
272 2039
356 2468
272 4166
784 2510
2088 2480
1177 1534
1137 1159
365 5411
572 1899
2222 2510
81 2936
761 3339
0 2545
4346 4346
1782 1782
3189 3258
3792 4075
996 1043
238 3433
2063 4001
1564 2891
30 358
0 5161
912 1419
2804 4129
365 365
271 3564
379 956
914 4508
1035 1872
912 2474
572 790
2891 3074
761 1107
272 377
93 572
1160 2476
379 1137
401 1241
2615 2615
3765 3783
972 2690
271 1470
1038 1872
1137 6518
1008 3883
278 1038
1137 6173
1137 2280
2706 5123
529 2034
138 624
271 1213
1670 3187
138 1548
0 6171
608 2545
271 1397
1981 4694
2220 2220
143 257
312 2382
518 2593
4244 4322
2358 2891
271 1186
0 1218
3950 4313
385 2733
3811 4322
332 1035
0 5811
1012 2773
2706 4186
1022 2801
72 6104
272 3995
787 5543
572 1971
271 6114
572 3864
1108 1137
2891 3457
1335 5583
54 5065
678 1764
2876 5530
868 2254
507 1872
846 846
272 3729
4289 5741
271 1961
377 624
271 5589
1872 3953
978 978
271 5661
81 5266
985 2797
890 4065
743 2169
2282 2282
2738 3832
0 2085
271 3499
344 682
1008 1872
1906 3839
0 3566
6 1551
2341 2348
271 2168
1321 1864
3708 5499
572 2044
2891 6313
523 2254
523 833
365 3020
2678 4444
2297 2297
917 5049
1237 2468
2759 5499
1352 1872
2676 3778
3736 3792
1108 2435
747 1698
365 1178
3529 7625
143 833
1011 1878
2007 3187
326 5684
279 1861
996 4488
2451 2614
138 2254
0 1108
1010 1011
1893 3934
1051 2891
228 316
289 1051
2007 2756
3778 3778
2891 5466
1745 5339
271 1510
1091 2891
912 3004
366 4069
2516 5295
2481 2891
382 1913
271 1963
365 2474
2049 2709
608 2692
1963 4046
2359 6099
2088 5006
0 2286
271 5472
20 584
912 1382
972 972
365 1138
312 1160
868 1358
3820 4475
169 279
1137 6092
709 833
385 1008
1567 1567
68 2341
4417 5741
238 306
365 1444
6435 6435
564 1437
912 1320
1967 4301
3820 3820
2468 4013
775 1698
143 2440
1764 2234
747 1642
1137 2114
399 523
1108 2376
0 2976
1136 1679
1137 1255
4536 6528
77 4319
0 5586
2717 2717
1137 5106
909 2468
138 2224
0 1165
271 3158
1683 1683
1804 5906
676 3521
30 143
813 4382
143 2306
2286 5260
988 1006
747 1343
1132 2343
2468 2679
564 6252
564 2891
0 949
2093 2380
271 273
2891 6506
1991 1991
406 523
0 34
2705 3792
141 143
988 2046
2771 2774
379 4181
271 6924
1739 5329
912 1335
365 579
365 5084
1035 3958
1137 1882
1893 4319
608 1031
1352 3557
365 1352
1571 2468
325 365
792 4677
2554 2706
365 3206
2773 4322
3792 4212
143 2286
4501 4501
0 2868
1683 2706
561 1984
81 108
2712 4189
3237 4539
1792 1792
344 3724
271 1733
2145 2891
2891 5395
1872 2646
1051 2873
2700 5499
2044 4324
783 2573
1893 2717
271 2224
3877 4305
314 2295
279 614
868 988
611 2669
272 1004
2095 2891
518 5728
271 1099
238 262
572 3948
797 897
1902 3792
365 2954
271 2495
143 2928
1108 1405
279 418
507 870
912 2286
912 5044
1186 2891
271 1469
137 271
2392 7009
890 2137
306 5443
864 4134
2123 5194
138 1130
0 2919
81 3290
3736 3803
3187 3259
1024 1959
4148 4148
2392 3565
138 1030
912 3273
1952 2022
745 745
1179 2085
316 2516
3004 3004
271 6231
93 3494
1771 2478
783 3672
365 5344
2737 3882
4069 4069
2630 2630
1872 2621
0 4023
1160 1160
378 591
747 3220
1110 6077
1904 1975
2037 2037
868 2439
1959 4131
3517 5515
4092 5391
1189 2439
760 3220
271 3498
312 5530
271 2521
365 1058
145 375
33 143
1352 2297
747 1051
379 4339
1961 4008
572 4372
2891 3398
5096 5096
1942 3728
2286 2382
77 1930
518 2742
2468 4968
764 1640
4077 4175
402 1151
0 568
2137 5595
993 993
1959 2622
2678 4244
93 2341
366 366
2012 3720
365 5612
2752 5499
314 3559
1212 1357
2392 2559
308 308
3861 3861
5901 5901
764 2812
3339 3339
2688 5499
365 2150
1388 4461
377 6546
1492 5207
0 1079
5374 5374
66 6253
1011 2701
116 564
4023 4083
1901 4164
356 1667
372 615
40 5815
385 3864
365 5817
1782 6976
271 5471
1008 2742
575 808
2891 3309
0 3618
608 4149
0 2150
1067 2129
6306 6306
271 2358
331 2468
271 5342
365 6978
279 474
81 2143
2844 3565
271 2186
4024 4234
976 4100
915 915
1469 2863
2739 4470
1019 2991
3918 4019
485 636
72 3053
1130 1137
1137 1259
1130 3565
75 610
81 2299
611 4319
0 4342
138 143
2911 2911
138 863
909 4998
271 5167
2430 2430
891 4100
365 3066
1637 1641
1472 2085
365 5381
271 5253
1900 4187
3273 3330
3138 5778
808 1872
2474 4979
1527 2382
990 4346
2891 5608
680 1137
365 3584
834 4106
610 1343
2888 2888
3866 4325
2063 4104
271 3038
3973 4382
93 5028
971 4003
913 913
271 3665
0 2395
591 591
1108 1335
3881 3881
271 272
271 3473
2668 4410
365 5731
2646 2699
1081 1274
1031 1942
326 3645
3577 5999
271 2213
749 1502
2007 2137
1547 2341
271 1556
1137 3410
888 2468
1210 1422
4365 4365
135 2384
564 5542
271 1268
912 1245
523 1553
85 365
363 1235
116 868
6524 6524
764 1685
4242 4242
695 1884
271 1183
3832 3868
271 596
1986 4469
376 1010
279 1829
0 1104
2120 5894
1942 2008
572 591
365 2125
1881 1919
365 689
272 1921
1137 1350
1137 4100
3566 3566
3095 6184
1872 3723
1070 1318
783 3463
3466 6458
138 344
143 1764
1602 2145
697 2755
236 365
3878 4193
1006 1942
365 2413
2577 2577
610 610
1008 2758
1782 5954
1441 1602
700 958
0 2468
3051 5905
957 6600
2626 3832
939 939
143 1115
1137 2429
271 2304
3813 4370
857 1669
2706 3886
271 2145
973 984
2618 4076
1243 3470
402 5728
271 5855
143 914
1101 3607
3187 3260
2425 2425
680 1815
365 1218
2304 6304
143 1969
1024 4523
1067 6126
1022 2022
1874 2771
0 1240
2080 2468
6032 6032
788 1370
53 912
2638 3959
868 1137
572 3866
2120 2120
1900 2691
1335 5585
271 2459
3977 4193
988 3860
1010 6655
5313 5313
322 325
2479 2891
0 236
783 6339
2614 2722
1352 2815
4041 5499
81 261
1137 1452
1033 1033
2459 2459
0 4969
271 3401
2455 2455
1137 5998
912 6212
365 3853
2017 2017
6255 6255
833 912
271 2327
2392 2969
271 1487
2341 6366
223 4305
730 2914
159 169
5783 5783
1051 6099
271 2954
2706 3747
864 3984
783 5460
2683 2683
549 551
2365 2891
2306 2341
957 1902
271 764
378 988
1591 2545
1035 3728
116 1549
834 1916
1208 2474
666 1782
3768 3768
4100 4514
3374 6226
165 279
3065 3065
272 3898
559 2212
700 3974
1621 1635
2476 2476
4096 4098
2700 2752
922 1137
1900 2790
0 890
378 4532
1137 1791
1137 5497
399 6117
1668 3187
2382 2382
601 4444
271 5470
377 4312
3513 3596
564 2960
2891 6417
868 1352
3882 3882
1872 2024
868 1550
269 2085
546 5906
81 840
93 3845
1406 3427
1137 5903
988 1915
76 257
2891 6164
2392 2907
365 574
4013 4013
271 7011
1893 2774
1921 3988
1137 3618
138 601
2748 2748
378 1008
272 4396
1005 4097
2648 2648
3792 4099
1130 5499
272 4301
957 3885
277 1489
93 6184
539 3001
4044 5569
764 3076
3748 4022
3218 5257
272 1982
5002 5002
2272 2363
365 3065
564 793
1551 3053
271 6291
1010 6536
3875 5177
2003 3832
1424 5559
523 568
272 3921
1137 2903
4196 4196
3186 3186
1704 2891
923 2649
3 5815
1031 2665
2194 2194
238 3389
1882 1882
271 3664
912 2113
107 2468
1252 1779
2104 5783
1062 1063
957 2627
279 1376
1897 2753
271 271
1179 3095
143 331
529 2468
155 409
2436 2476
800 903
912 6253
1872 1944
417 2988
3953 3953
2125 7038
4141 5569
3881 3947
890 1942
564 5078
138 680
2758 2758
659 2907
1335 6924
138 591
1008 3866
81 1551
2627 6582
868 1944
377 2613
271 1251
868 1904
3768 3973
2023 2023
1921 2468
7 81
68 331
279 1828
608 1904
5748 5748
1614 3250
2104 2480
0 5496
2389 5608
518 2307
3333 3339
2554 2554
0 1137
764 3339
988 4380
365 924
2365 5102
5065 7020
0 5317
985 2041
2012 2012
271 2993
271 5063
2161 3127
2697 2748
995 4321
2468 5488
912 1138
271 3691
990 6613
572 3950
2022 4073
271 275
3880 4006
2114 5579
81 5529
912 2372
1008 4157
1035 2692
808 988
138 1268
271 1525
271 2303
846 3693
271 2933
1961 6605
572 1003
1406 6097
764 2468
1553 2976
118 747
271 1211
683 1767
1101 3608
1928 1936
1404 1635
365 2264
909 2137
271 2706
2709 2722
1900 4037
2772 6661
584 2141
5053 5053
1872 3889
584 1170
3749 3749
3978 5094
271 5112
331 2821
0 2607
271 907
747 3219
4040 6638
2019 4210
1130 6382
1048 2748
372 591
4148 4258
868 2333
2779 3832
988 4020
365 1114
271 2234
271 5445
55 2988
312 313
5065 5171
365 1060
1896 2804
365 1656
143 5496
827 831
3121 3792
783 3907
1379 2891
2705 4308
3408 3408
77 1928
1871 2664
1166 1947
764 1137
1019 6627
271 5790
2707 5747
2088 5652
625 4422
120 121
912 5541
41 5045
143 271
526 543
1210 1210
271 1815
1024 4460
116 1550
3877 3877
761 764
271 6477
46 1607
1223 4726
747 1492
1352 3891
271 6370
793 912
834 2716
848 2145
1872 2784
599 1137
1884 1884
378 3834
108 2517
6638 6638
1137 2891
564 6435
1095 5065
4096 4097
1108 2850
2891 6173
521 3754
1010 4322
1900 4426
1011 3818
633 1137
2043 2703
583 1130
2700 3900
2468 2694
0 143
1137 5829
783 2320
325 325
365 5703
912 3420
271 5565
365 2286
271 2238
694 4319
1008 1901
1090 1115
2286 5938
688 3499
1693 2468
271 2202
2611 2709
81 5816
1942 1988
1148 2085
107 1080
907 4986
46 913
5547 5547
241 3496
271 5936
404 523
2758 2795
764 1664
1893 1960
5375 5572
1804 3069
885 2022
564 5350
1137 2237
2614 3855
385 1987
257 2988
5265 5265
2474 2614
808 4113
271 5187
76 2988
365 712
2891 4657
272 1893
970 5499
271 6290
288 611
2620 2620
271 5142
4086 4305
143 747
747 3231
1235 3250
2642 4236
381 2468
905 905
2088 2575
996 1047
397 410
1942 2689
1764 6067
0 5263
2699 4430
236 1137
2614 2665
912 2114
279 855
1035 1909
3950 3950
2891 4989
3509 5791
257 912
0 785
271 2386
1081 2614
365 2826
279 447
1137 3409
1942 3792
2811 4305
1067 2250
988 1942
2468 4261
1553 2891
1942 3891
1067 6460
2404 2903
271 5967
271 1266
1137 3596
365 5000
868 1738
2468 3613
747 2474
407 1058
747 1618
572 2722
200 279
376 2682
996 4302
2645 3947
1371 3253
1251 1357
1137 5205
359 1137
1160 3174
271 6345
3792 6556
358 365
2254 2414
1100 2414
1137 5084
1998 4188
5731 5964
2822 4153
2272 2304
0 5752
3041 5188
93 1137
3876 3913
2668 3818
1871 4386
749 764
2063 3792
1137 1635
783 2218
2363 2363
591 617
5006 5006
6933 6933
1061 1137
279 1825
358 5559
2085 2380
377 4323
747 1944
6076 6076
6137 6137
143 1236
1035 1883
2614 3004
3819 4350
138 138
3763 4209
270 564
5496 5496
18 145
271 2493
1782 3549
1791 1791
1059 2085
369 1137
279 416
1782 3673
32 143
1692 1694
271 5903
401 523
1343 1405
69 825
3737 3848
3187 3199
272 4365
1971 1971
93 382
572 572
625 4384
2474 2891
5756 5756
3187 3258
40 1137
69 107
6171 6932
3780 4081
868 912
81 1137
399 694
896 1352
542 1203
2891 5664
271 5218
868 1138
244 365
564 3330
912 1553
564 591
358 400
857 857
271 5007
2771 2771
138 272
365 868
121 365
783 6333
2341 2730
834 4008
1012 3712
844 1591
680 2581
271 1112
2088 2298
1147 1147
1235 4680
1585 1698
868 2474
4305 4305
271 2439
1130 1312
912 5210
2769 3711
93 3727
777 1919
238 5839
271 5336
356 3199
1335 2960
138 4192
625 3831
785 6977
957 4212
912 4979
2033 3721
134 279
313 2382
2960 2960
358 5209
2809 2809
1183 1268
868 2730
120 120
1259 1779
572 2655
344 995
138 1081
376 4039
747 835
271 574
622 808
1160 1799
60 60
4000 4468
1013 3798
271 6255
2044 4353
0 1112
145 747
365 2151
271 3118
1137 1692
2109 2109
572 3749
1137 3152
598 912
2468 2648
392 6603
145 868
2727 3948
858 958
224 6546
2043 2630
1370 1370
1900 1951
1051 2498
81 3131
641 4319
0 3114
365 2288
227 565
271 3520
846 918
331 1035
1147 2089
365 680
3513 5156
1944 4305
185 279
1137 2240
365 2903
81 5815
3592 3592
1160 2120
1901 3898
551 735
564 1435
2468 4198
365 2789
2435 2468
1137 3684
1035 4096
107 1130
331 4384
271 5935
1108 2343
673 909
382 6562
143 2437
783 5434
1902 4200
912 5580
2157 5507
801 3705
1472 2237
745 841
1388 4040
1536 2392
138 564
1382 1729
1137 1257
5049 5049
1438 3074
2676 4092
1008 1033
834 1942
1335 3647
385 4189
4183 4183
2132 2132
1872 3908
3832 4128
583 2238
785 868
575 2027
418 2988
1883 1942
2107 2107
749 1653
365 2085
114 3856
1015 2658
271 2008
1756 2254
1921 4333
572 3720
833 2891
1547 6123
1942 2692
1397 5998
300 551
1010 1888
402 1075
356 1672
912 1397
1010 2051
1035 1908
2891 6488
93 143
912 3445
113 279
0 6973
358 4930
0 27
271 2385
1022 1022
1191 5391
1163 1346
795 1072
279 446
2928 5699
815 5499
564 2254
1137 6306
572 1008
595 907
5020 5020
988 7703
365 5002
0 46
912 5613
1024 6513
365 747
1137 2089
700 2026
1024 1942
783 3108
376 2684
1137 2232
909 4953
0 1325
2789 2789
1406 3844
48 912
641 982
999 1006
1137 2717
1137 5083
1764 4226
230 988
2828 6220
331 2717
365 5407
697 1137
257 523
636 854
1161 2938
143 2237
523 564
1137 4013
26 912
523 1352
271 2037
2891 3494
647 739
2784 4416
3613 3614
868 2132
591 618
365 2518
912 1137
942 5094
1137 5890
914 4490
6575 6575
0 3665
0 85
564 1541
2891 6931
271 3396
365 1051
271 5303
279 294
1320 2160
3824 4322
271 2301
1008 4437
1343 2468
3324 3324
859 3389
379 4382
3714 4040
764 1621
3421 3421
143 912
81 5906
1130 2559
271 2729
2125 5852
572 2674
1764 6236
1137 5228
3832 4003
1137 2774
272 4095
93 2468
409 1070
700 3745
2063 2063
1243 5491
365 3025
277 2474
4491 5499
1137 5391
1137 1343
271 3114
890 1049
271 6202
912 5857
2100 2474
2145 2962
747 774
808 5906
1541 2903
1901 4157
697 6595
681 1698
2852 5084
711 885
993 5499
0 6022
271 1104
93 523
2662 2706
996 2775
2085 2559
3517 5460
783 5611
1942 2067
366 3978
2286 2286
912 1352
0 1777
958 2468
107 564
1106 2510
312 2533
3886 3886
912 2838
143 2516
77 77
568 1137
1031 4014
1887 2618
271 3452
93 1346
2150 5954
0 3156
1900 3777
730 940
912 1192
819 5065
1137 1445
365 4925
762 1648
1082 3240
401 856
23 81
845 1137
3720 3814
584 1254
913 2145
1900 4063
2896 2896
912 925
325 2516
2709 2812
356 2545
1811 1942
1137 1192
2063 2663
2545 2891
288 744
1137 1324
523 1335
2474 3273
912 3613
365 1420
507 2050
3517 6051
1388 4283
271 3636
143 3004
747 1268
107 2395
2891 4292
2891 3179
365 2370
1140 3041
783 2981
2809 3812
868 1547
1602 3327
385 1015
2729 2729
2298 2298
2125 6167
988 6528
551 734
1930 1941
271 5240
0 3408
575 2762
1499 1499
2891 3130
1872 4518
271 2974
1963 1963
2545 2545
1359 2088
271 5706
154 2516
1137 1425
912 2614
1352 3521
576 1544
3832 3832
1553 4305
0 2991
608 1883
1201 2474
5352 5758
0 5825
1335 3646
231 2988
2891 5612
3453 5113
271 4544
271 576
272 2818
412 1984
271 3155
1683 1685
1335 1548
868 1130
1137 1358
1891 3779
1984 4354
1137 5342
107 3466
2468 2891
797 4085
1032 1032
912 2125
2173 2392
365 3492
783 5209
271 4936
3707 4305
4433 6611
271 833
3989 3989
1035 1981
2614 4453
2145 3186
2474 3542
271 2589
135 5538
233 271
611 5499
0 26
976 1357
1726 3187
912 2343
2902 2902
785 2024
0 6352
93 1193
271 6945
1411 2323
3798 3798
107 6488
1988 2013
1137 3680
572 1011
1085 2749
1998 3718
993 1048
271 2976
747 769
783 5313
2784 3792
107 3008
1137 2581
859 2295
1008 3748
1274 1274
1008 1048
271 1739
238 6461
2104 3330
363 582
925 2474
785 912
2389 2904
271 5189
835 1610
572 2053
54 365
402 3073
2704 3736
272 1925
271 5084
2443 2891
3187 3187
403 2384
365 2108
2783 2783
236 279
271 5061
4686 4686
272 3794
912 5817
890 890
373 2988
912 5703
3252 4583
2468 5579
820 2965
272 975
2015 4416
1040 4341
365 2322
365 1113
783 2150
1923 4051
1130 2089
1011 4246
996 2021
2545 4965
0 3512
2664 5499
790 2468
2058 2058
1108 2235
263 3421
0 1343
1093 5065
888 3868
138 628
1547 3453
72 3008
271 3463
271 1155
572 2692
0 3630
241 868
5342 5928
1348 2419
6212 6212
2088 5296
1137 1566
2733 3999
5731 6071
3997 4261
651 3981
257 2891
2585 2585
868 1135
271 6109
1872 2614
760 760
272 3710
564 675
868 2437
377 4208
293 293
1013 2820
1239 2828
271 1110
271 3607
35 5815
365 1130
3707 4494
4168 4330
2891 6362
138 698
651 1020
5205 5205
271 6978
271 2085
77 1933
4305 4492
1406 2573
143 241
958 3832
59 912
777 2019
2474 2836
1137 2526
1323 2474
5329 5329
919 2478
271 680
3420 5336
0 3010
2433 2891
5731 6008
271 572
1888 2618
951 951
1352 3778
990 4152
3947 4048
2222 2222
591 2286
622 3815
349 1969
272 3871
1325 2891
2891 3517
636 658
1591 2007
487 636
1137 5600
271 6101
1051 5042
868 2088
271 825
365 2472
49 743
1137 3004
1061 1108
3822 3822
910 910
676 1357
2085 2341
2614 4286
138 2988
912 6372
271 2563
564 5980
138 1352
1160 2600
272 349
2891 6240
1067 2227
868 2891
1160 2436
271 5338
1672 3187
379 379
996 1968
0 1883
271 1553
1048 3743
81 352
272 272
5678 5678
271 2088
291 1984
1137 6215
271 1445
271 1335
107 143
271 1383
1804 1804
365 1271
271 783
3736 3736
5063 5063
272 4305
1438 1438
1022 3857
1942 4042
0 6157
1008 4112
5000 5000
957 3805
46 2891
2299 5816
689 2891
564 5461
2160 2160
1893 2623
1335 3649
0 1544
758 1635
783 1882
1568 2408
868 1081
3068 3068
568 725
279 500
2051 2667
1137 2648
271 3154
156 4319
2007 2702
764 1641
564 850
747 1397
271 5166
5499 5499
271 6167
1395 2107
808 3720
365 1267
1030 3781
2845 2845
115 2928
261 868
813 4305
2650 3886
1379 1379
356 1670
349 1035
998 3788
1630 1664
2018 4003
379 1989
365 5741
271 5499
1035 1892
271 5381
1008 2615
990 4376
3832 3888
365 1093
0 25
0 783
1600 4590
344 4422
279 450
914 1872
241 5506
1246 2384
783 2699
365 586
2776 4153
120 1137
271 1142
225 2988
2004 2004
2891 5966
3241 4636
358 1185
365 4902
747 1621
1108 1591
271 3720
868 1901
1022 3832
0 3152
1027 1027
2334 2334
1264 1670
1071 4003
3565 5391
133 133
0 2988
988 4201
886 4319
2891 3096
2444 2891
572 2056
0 5486
365 3004
1160 3119
6513 6513
271 5083
5401 5401
529 4341
764 3350
272 2699
271 3085
1351 1792
93 2438
365 2107
523 1358
2891 6331
521 523
377 4494
143 1268
357 358
523 2614
365 1382
4040 6605
2359 2392
2652 4396
3131 5815
1011 3779
345 2672
271 2535
672 2392
1040 4329
365 2321
2091 5816
0 2121
1764 2891
2125 4899
5819 5819
971 971
279 292
1551 6954
801 801
1547 5386
783 5635
2437 2614
241 271
1745 3610
3569 3569
591 783
271 4305
507 808
564 5569
365 2615
909 3138
5741 5741
1893 4292
138 2286
1024 1872
271 937
912 1883
2737 2737
1764 2082
271 6471
1137 6326
584 5901
4170 4261
2056 4507
624 914
575 1984
985 3759
912 2224
1137 1479
365 1507
3258 3261
81 635
81 5205
3185 3290
1137 3386
694 694
0 1093
564 6122
657 1137
2891 3386
238 827
1764 5919
271 3120
2891 3474
81 1188
988 4055
2809 4040
673 1212
271 3606
783 1469
1359 1359
3794 3980
2929 2929
2436 5748
1553 5042
148 1551
2085 3404
0 5025
1872 4183
1160 2533
1036 1036
271 3422
314 1342
271 5333
2773 2773
400 523
271 2413
990 4508
566 2891
955 2816
0 1782
271 6977
77 1932
30 2085
271 1319
1130 3414
365 1331
1947 4301
4674 4674
3250 4711
3788 5499
2676 4072
6150 6150
624 1008
376 2765
1008 4168
2474 4895
785 5263
957 4266
608 5094
377 4423
2123 5260
1872 3739
747 3449
1060 1060
271 5029
271 917
4148 6551
988 3889
747 2125
272 3732
272 507
689 868
868 1343
271 824
143 1352
797 3822
1553 2374
990 6600
583 3470
2056 5747
4940 4940
608 677
271 3447
1008 2699
0 4918
868 1544
2678 3746
1335 5237
2082 3452
868 1397
1906 6100
271 5337
5818 5818
1624 4598
4040 4167
1235 2474
279 329
0 6304
271 1444
792 4586
1357 5683
1024 2030
775 775
365 1270
145 523
0 6012
1348 2420
116 2107
377 2756
1656 1659
385 1991
764 775
2891 5690
1185 3490
1900 3997
608 1881
1893 2624
1335 3648
2474 6217
271 5185
2304 6386
2468 2771
1006 4095
271 6286
272 2675
1683 2468
764 767
2384 5024
382 2059
271 890
1235 1235
331 347
1137 4040
529 4163
1580 4706
760 1659
1798 2988
0 276
365 3487
138 747
783 3389
1635 3210
3733 4080
1872 3966
379 2799
1352 2667
72 2134
2085 2407
356 1669
601 814
2384 2904
4132 4320
985 1023
238 365
4930 6059
890 3916
783 4969
1200 3004
1872 4453
2891 6215
783 2868
912 2341
2024 4305
1137 4598
1942 2007
2809 4461
4159 4159
86 936
2007 6580
271 1462
747 1024
1130 3463
138 1553
1137 2579
3918 3992
523 1137
1048 1048
365 5185
1882 3907
2220 2286
2612 3783
2227 2227
564 4927
3728 3859
1872 3883
365 3001
0 5719
2341 5142
1057 1177
807 2615
365 3617
93 2610
2991 4185
1357 2965
1764 5635
233 4319
365 596
783 3461
271 855
747 785
272 3792
758 3218
1130 1567
747 1325
2963 6299
365 2446
868 1268
116 116
1469 1553
405 523
68 81
1008 2756
5699 5906
1464 1464
3210 3211
912 2468
2692 4291
4001 4001
912 988
608 4194
0 2
1981 3475
252 271
1539 1539
1942 2043
3453 3453
46 2088
138 271
2575 2891
968 1933
5025 5025
2777 2777
143 1383
77 998
143 2235
3187 4638
138 627
764 1618
3850 4469
572 575
1137 4940
890 2545
271 1154
271 667
1137 2468
271 1797
6460 6460
2678 2719
1600 1600
641 4061
242 327
363 3301
271 1741
12 81
651 2660
1921 4430
314 5003
1344 5608
1137 5460
608 2013
144 2395
2891 5575
365 5338
110 143
3768 3815
896 1872
365 3644
4119 4119
1883 1883
365 1466
1137 5305
1942 2991
1252 1338
37 271
1698 3218
271 3630
271 5581
58 2891
19 143
1872 3946
1108 1325
365 1792
271 1108
1160 6312
271 2538
271 3605
1130 5776
865 3952
6528 6528
572 4322
224 2659
777 2474
958 1942
2105 5296
2748 3792
271 5332
271 2412
81 357
143 953
271 2325
2638 4159
365 6171
77 1931
4272 4470
1137 3630
46 271
271 2164
1319 1319
3273 4569
2819 2819
3876 5499
2218 5572
687 3648
1914 1914
325 2285
4370 4372
509 509
81 940
2719 2719
74 116
1764 3541
143 2407
3803 3803
834 1926
0 1210
5205 5906
2809 3982
912 4657
2709 4009
2744 2771
625 4482
2891 5540
2058 2468
564 598
1871 2468
147 5815
598 5906
271 3657
2707 4533
2377 2451
365 2468
783 2293
568 912
747 3130
271 1067
0 833
2891 6973
271 2460
138 1358
271 712
783 2891
1105 1105
385 1016
2085 2437
1942 3772
827 827
991 2737
3739 4535
223 1137
572 967
1019 6683
147 610
271 1443
583 2896
0 1359
93 365
2232 2341
1236 2085
2104 6150
1136 4677
2742 4509
590 1192
138 1051
30 81
958 4047
1137 1379
272 4183
988 4188
609 808
271 1561
2068 2668
608 1972
2303 6055
1745 5487
1137 1335
4120 4120
2085 3290
1811 1972
365 3684
1894 4305
81 610
762 3218
747 2224
271 2031
271 847
3860 3860
2468 4657
572 777
1149 1192
590 912
271 3659
138 224
912 3541
1343 1343
2 143
143 6026
271 5018
2145 3187
271 1138
2890 2891
365 2319
0 3684
413 1782
1013 2675
224 4215
1312 3593
6132 6202
2891 3512
1421 2468
2793 3972
271 2254
271 5265
1335 5253
996 2025
233 233
1079 4936
783 5664
2654 2808
2468 4189
279 449
2147 2891
577 2828
747 1130
3241 3330
2891 6032
2043 6582
271 1501
271 2115
271 5962
2468 4313
365 2700
138 6521
3826 3826
783 3156
138 1137
241 6032
1984 3810
783 5202
6051 6051
365 1213
3736 3851
272 1352
377 4160
998 2765
238 2957
272 2048
1067 6109
365 1320
271 529
2019 2019
271 5210
1078 2238
93 6471
365 5333
564 5257
1895 4181
923 2022
2664 2664
54 2336
1969 4038
1312 1312
271 4979
857 3187
365 2109
0 1051
1157 1172
66 365
236 281
2104 2432
1425 2423
868 2450
365 2445
912 1135
0 943
868 1264
1130 1815
5489 5489
1370 4722
912 2478
365 2323
1130 2846
271 2608
2914 5906
1873 1873
271 5411
3517 4940
912 985
912 6295
2891 5070
1177 1591
1237 2891
3944 5499
66 81
507 877
1130 6028
377 3850
365 2841
271 2320
236 523
1782 5370
271 5900
1114 2254
5 302
3203 3203
107 108
2891 5925
754 910
2694 2694
1208 1208
271 1207
0 2912
279 2215
271 5759
3886 4468
2663 2663
708 1004
1539 2468
365 1216
263 1331
271 1193
363 3300
550 551
2636 4229
1159 3041
1872 3855
272 1811
5967 5967
2004 2623
2711 4040
6386 6386
365 3640
4979 5459
1010 6689
1872 2613
0 2608
2709 4059
389 551
46 1223
2845 2891
358 5301
133 3001
271 856
747 762
1424 2392
749 3333
1137 3083
2891 5188
912 2079
235 565
579 2437
377 4207
0 5112
358 358
958 2014
1008 2821
608 1811
895 5177
890 4072
0 3653
339 341
3067 3067
912 2402
3849 4338
783 4100
832 3947
1335 2894
2795 3748
3273 3273
271 5331
145 365
596 2545
26 271
271 2324
1343 2479
785 6029
100 635
0 591
77 1938
1137 2333
2412 5923
4209 5741
1024 4261
4401 4402
6574 6574
2468 3947
3010 6029
2809 4331
0 3158
3832 4193
3473 3473
241 936
271 7079
1137 2263
2678 4274
0 1335
955 956
783 904
728 5504
2872 3451
1051 1788
1405 1405
1137 1553
271 6366
302 1942
2635 4319
1151 2891
783 3621
912 3186
890 4442
3953 4305
3872 5177
365 1479
783 5752
564 2993
1571 3269
385 599
271 5027
2529 2529
1153 2088
1735 1735
331 349
271 5613
1041 1357
107 365
2286 2961
271 5492
914 4449
912 1051
0 2474
890 4042
365 1133
1008 2708
365 910
565 963
1872 2043
905 2088
1011 4394
2063 2468
4013 4283
651 961
2891 6157
990 4531
54 5714
352 1792
564 1433
992 1871
271 4890
729 1984
2341 5306
2005 3756
1137 1893
576 1768
3802 3802
0 6295
1909 3719
680 3018
1110 4968
1096 2510
783 5333
6117 6117
1136 4676
2094 5543
365 2227
912 5341
1137 2748
138 629
1900 4090
523 680
659 2125
272 1872
378 3883
1704 3235
271 6164
868 3509
271 846
272 3800
2407 3693
2565 2891
2125 2254
2777 3729
238 3699
2022 2468
1348 3607
5918 5918
279 684
917 2168
1010 1889
271 5644
2679 3751
2699 3922
2890 2890
1745 2748
785 2875
1421 6287
4505 5499
271 3466
365 1099
2988 3692
917 917
1035 4321
365 1090
279 428
271 5363
2137 5077
87 2085
279 443
1137 1959
1618 1618
2618 3941
107 591
2559 2559
271 2114
783 5372
143 1024
625 1322
608 794
2468 3772
1635 1635
4125 4469
2799 2799
2891 5860
563 565
107 1335
116 712
975 3726
625 1977
1921 4424
2991 4521
3832 4045
271 3083
3779 3889
507 621
564 4940
365 915
366 1137
3595 3595
2235 3470
1764 5341
1972 2019
1006 2012
405 1084
233 1872
272 979
0 849
385 864
2468 2748
1251 2891
0 2324
120 358
1872 4201
3041 3453
2169 2169
564 1186
1067 2614
3983 3983
584 5569
3845 3846
0 0
3910 3910
272 331
271 2407
564 1233
1099 4674
787 1090
5080 5731
591 785
5506 5506
1008 1008
1490 3313
2249 5815
271 5992
568 568
365 5020
1100 1100
3879 6100
143 2085
2627 6611
912 2692
1137 2266
271 5758
5579 5579
138 1008
365 5480
365 1160
379 4086
2254 2836
2392 2452
1010 1019
1011 4101
272 625
138 833
4125 4125
143 564
1777 2891
271 4111
2510 5024
0 2358
1160 2876
783 5252
608 1768
0 917
1335 3003
2750 4083
844 1698
1745 1745
868 2286
1024 4046
271 5556
1035 1960
271 2455
271 3513
700 1022
996 2782
581 2210
896 988
572 4159
0 70
2478 5053
2693 5569
790 1137
293 4319
271 358
747 1138
2700 3975
271 2323
3613 3613
1180 3621
680 1236
912 2836
3517 5305
1137 1591
747 767
271 1229
0 6028
1137 2529
4328 4328
271 1169
1137 2449
143 3693
0 4322
271 6497
591 893
2392 2557
2678 2811
2794 2794
5333 5548
81 2516
2007 4193
1352 3780
2036 2036
260 1600
749 910
143 1320
138 257
868 2235
69 2113
957 4531
1010 1957
868 2085
1764 2342
1335 1338
3739 3739
365 795
1343 5313
401 5089
90 1137
400 657
4207 4536
271 3464
0 3631
1079 5571
675 2286
839 1683
912 2433
6173 6173
4342 4344
263 912
676 676
1406 5779
3802 4305
1370 3324
365 5180
365 6320
564 1434
1 2125
2341 5305
1137 3600
1137 6126
272 4402
572 2808
2700 3910
365 2502
365 1268
4305 6528
584 1361
365 5652
365 1257
2709 4453
0 1319
365 2223
3618 3618
2891 5592
783 3068
2890 3517
1108 2614
611 4109
572 1881
2668 3710
272 2678
1881 3728
2205 2988
271 887
2022 2022
2618 6555
769 3334
143 1335
272 3798
376 4076
0 868
4461 4461
382 2301
1904 1988
271 5643
1137 5472
1137 4185
3870 4030
365 5762
271 1137
2618 2706
365 5439
2891 6497
3837 4013
591 2780
143 2836
1571 1591
1137 5719
365 2307
145 1137
143 1065
1942 2024
1160 2172
337 611
271 942
909 3177
279 442
365 591
223 4319
2744 4254
365 584
2022 2625
2891 2891
659 5143
1130 2468
3900 5177
1110 4908
1553 5770
2384 3550
3948 4191
2891 5949
365 2180
1925 1925
1782 2139
271 1791
5906 6404
2043 3994
279 453
988 4318
1008 1035
93 6309
365 1155
58 5205
568 2891
93 2260
1081 5714
2468 3203
81 2468
2608 2614
271 6316
1881 2019
2058 4046
1624 1624
2545 2845
2783 4023
568 778
769 1652
365 3600
651 671
271 2321
564 5038
5392 5392
747 783
365 2545
1942 2722
358 2232
912 2933
293 4382
3333 4545
833 7644
1350 2392
912 3474
1008 2689
271 2607
1873 2751
5998 5998
1430 1430
271 2514
597 2384
143 1492
365 6366
271 5297
4029 4029
507 875
81 369
1011 4155
912 5063
2630 3792
2380 2380
365 5027
608 988
1137 6183
100 822
0 564
1137 2555
523 2474
2775 2775
0 2851
0 3137
271 1192
797 2626
783 2989
909 912
93 5239
0 393
589 2216
1878 1896
1944 1944
3490 3490
1029 1906
523 7663
1553 2397
958 2749
1919 1919
3921 3921
138 304
107 5731
378 3802
2223 5608
813 4319
572 3772
1137 3081
107 868
1406 5168
1335 3002
1553 2254
1959 4035
783 2341
138 697
1024 3926
365 5643
381 1553
568 868
912 1777
272 865
868 1533
365 6394
2445 4344
3973 3973
0 1904
1524 1764
271 4241
1499 2426
271 2322
0 1944
271 2161
325 2382
604 1172
5253 5253
764 1642
1352 4046
1137 1237
365 4320
378 6561
138 572
783 891
2451 2451
1553 3273
955 955
271 1811
1900 3989
2468 3849
624 1024
365 727
868 1695
271 6390
0 2665
2751 2793
564 5194
143 610
524 789
356 857
272 3880
365 3576
1137 2873
5303 7644
2137 6162
272 3776
4055 4055
5391 5391
93 5872
868 1008
272 1035
365 2477
68 1816
2468 2655
4196 5499
365 5845
271 5611
1335 3025
797 960
1779 1779
1008 4319
0 93
1008 1947
531 689
1008 4227
1008 1908
730 2085
2665 2665
1693 2474
114 808
3875 5741
580 629
1137 2398
0 680
271 1346
224 572
2912 2912
1872 1942
365 2219
651 4319
815 815
4093 4305
5732 5906
833 835
1192 2408
753 753
132 145
399 511
990 1927
3187 3296
271 1243
3801 4001
385 700
344 1008
5954 5954
365 1259
3675 3675
370 1137
143 1944
0 6357
1137 1382
1871 1872
271 6500
996 996
120 5906
403 523
271 523
783 3069
107 5421
271 7117
365 1553
551 552
1551 5906
1872 2689
1137 5344
331 344
143 754
2700 4268
3871 3949
1624 1698
1040 4462
591 1038
272 2668
2074 2780
2699 4351
981 2002
2709 4065
124 2988
365 1782
891 4463
912 1081
0 2343
0 136
1366 1782
2468 5748
271 5025
1900 1962
2237 2341
783 2089
383 1172
1492 3542
77 1085
608 2100
4376 4376
0 759
279 426
518 523
135 1344
271 1566
783 1198
5506 5515
2873 2873
912 2872
1875 1904
375 1798
18 81
3722 5499
1108 3572
376 6655
1600 4723
271 1460
572 1437
1768 1768
4385 5569
1553 3330
365 1211
271 6436
897 2022
988 4323
143 523
302 4319
271 6339
6 72
833 2110
271 5207
63 912
271 6219
572 2785
0 1193
1883 1981
107 783
1921 4450
365 3613
5083 5083
3573 3573
365 2106
1219 3509
803 2618
272 3796
4193 4193
868 2125
1137 6952
271 4023
2468 2706
1327 5020
1892 4305
5024 5608
2377 3565
5344 5344
272 385
1137 3227
365 2963
351 611
1033 4322
143 379
305 2085
1011 4244
271 4357
2468 4107
1906 3759
507 874
1137 2012
1799 2468
273 4689
15 1050
924 2478
1237 1355
2084 3593
1199 2425
1478 2392
2107 5073
958 3842
610 868
1051 3695
2180 6286
783 5285
1108 5919
2894 5033
271 1822
81 953
1104 1105
1357 5000
998 2618
1893 2640
72 148
1241 1241
3900 3900
1690 3375
1893 2678
0 1469
572 630
314 2436
2036 2709
81 6383
2468 3275
2104 2307
2380 6149
365 905
3832 4174
365 1464
697 1166
107 2307
697 4391
1137 2826
564 5061
1382 1382
1051 5063
769 769
2614 2709
6943 6943
70 272
3707 4251
2617 5499
2172 2172
0 798
2891 3613
2891 6349
517 531
1872 2067
365 6505
1024 3797
271 5438
1192 1407
107 5480
2891 6255
4268 5499
365 2872
3736 4308
747 1137
712 4927
273 4722
376 6574
365 3720
914 1981
107 1137
2125 2614
1044 4311
1137 2336
957 1981
259 611
271 5812
1921 3946
572 2620
622 3973
271 1168
6252 6489
1028 2022
2319 5660
997 997
1211 1869
764 3220
1012 2647
365 1529
1872 2714
0 1122
1137 1325
77 4382
0 61
1137 2872
2022 3827
2392 3535
271 1999
2037 4046
365 1422
2173 2365
2114 6288
3512 3512
747 1335
1137 3059
2636 3726
2903 3568
3108 3108
1093 1093
1346 1759
2063 3938
834 3724
522 523
957 4152
1008 2066
1018 4066
783 2321
4389 6514
365 5723
365 2284
2919 5546
271 2457
271 5038
3290 4648
1901 4450
2439 2614
1137 2332
2888 2891
912 2334
1137 2052
890 3752
303 551
887 1984
1051 2132
224 3870
272 4535
74 5815
