7716 248
2891 6975
0 365
271 272
833 2891
2481 2891
271 3617
2272 2304
143 236
0 143
833 868
101 564
271 6135
143 912
2891 6240
3041 5188
868 2891
2891 6137
81 143
271 2474
331 2988
138 523
365 2474
1137 3617
358 912
783 1137
2988 5906
783 5792
2891 2988
271 3670
747 1137
0 912
2891 7125
523 912
833 929
523 1137
1137 2474
271 6255
271 912
1137 3596
3596 5540
365 747
2891 5779
747 2125
1564 2891
107 143
143 2891
138 2125
6137 6137
912 3445
1137 5575
1137 1738
107 564
0 5475
868 2474
2891 5188
572 912
143 365
747 783
747 912
1008 2891
564 747
365 3617
81 808
2358 2891
6386 6386
591 783
2562 2891
833 912
365 5758
0 2358
365 564
271 7157
2891 5352
2891 6417
101 2891
236 591
1137 1782
523 783
5762 6011
2891 3617
107 138
138 2474
2891 6988
271 6211
271 6331
271 5352
572 591
365 5480
523 564
279 418
1137 5697
107 1137
271 7296
1137 3670
365 591
138 1137
564 868
0 107
2891 5540
271 747
0 523
572 834
1942 2474
2867 2891
331 1035
833 837
271 1564
564 5925
365 6137
1137 2891
523 2125
2891 6066
912 1137
1764 2474
271 358
507 808
81 5906
0 591
365 868
833 834
138 1942
0 2474
2125 5690
1379 1379
2891 6132
271 2358
143 564
331 2468
271 2468
365 1137
5540 5540
271 564
365 2468
833 1137
236 365
912 2988
107 5480
272 608
365 5762
236 1137
2891 3670
2891 4657
678 1764
0 564
365 1406
138 271
365 2562
523 2474
2468 4657
138 1035
1379 2891
0 833
138 564
2304 6386
138 912
2891 3445
2891 5925
2891 3179
572 2474
2457 2891
271 868
0 2891
564 2891
3596 3596
2125 2474
2891 5888
119 358
81 331
868 2468
271 3041
0 868
236 279
1137 2468
523 1406
3512 3512
271 2891
1406 5779
271 2304
523 833
572 618
0 1137
1782 6137
0 271
834 909
81 566
143 271
271 572
143 1137
138 747
365 833
365 2891
418 2988
358 400
2891 5475
271 1137
1547 6240
130 358
2891 5792
2891 6386
912 2891
2468 3670
834 1035
271 1782
400 523
507 618
2891 6211
0 2988
2891 5575
608 834
2891 5690
271 1406
834 1942
271 523
2891 5480
868 1738
0 1782
138 1406
365 523
81 2988
107 868
107 365
747 2474
365 1547
2891 5422
143 833
1547 1547
1137 1379
271 6066
0 5758
2891 6135
53 271
2891 6331
1008 2821
1035 2821
271 6164
0 3512
868 1406
2474 2891
0 2468
2891 2891
138 783
271 6975
2562 2562
1137 6205
271 365
5352 5758
0 138
143 2474
