7716 8680
564 5621
5731 5731
1942 2474
833 834
572 2821
1234 1693
2161 5928
747 1664
783 5336
2286 6393
314 5211
365 2238
1438 1486
0 2903
2707 5747
223 223
143 145
2816 2816
583 5290
840 2260
747 2433
909 909
1137 1165
279 498
271 584
1635 1901
2007 4209
272 1871
3958 3958
0 2531
912 3029
564 4956
271 5162
1012 3952
1872 3707
783 2602
4323 4323
583 5491
2821 4162
1352 2777
783 2244
2100 4108
912 1130
3828 5741
2468 2629
271 3681
1876 1966
271 5641
358 3573
1901 5783
271 3576
1137 1738
894 1009
2968 2968
279 1137
1872 4194
378 1986
138 2800
40 7671
808 2468
1469 1553
2891 6412
572 4305
2436 2468
72 1551
331 2516
1059 1059
1965 2070
868 1236
680 868
279 432
1137 3473
783 1405
2304 4918
1031 2046
4525 4525
279 440
2891 6132
1782 3436
1035 4038
107 6399
314 3174
608 4442
365 585
271 1498
785 6190
93 743
4272 6757
271 5959
2614 3517
271 1459
906 2125
1942 3908
4040 4462
271 7215
6555 6555
764 1688
1600 1696
308 2516
321 2217
1137 1410
271 6435
314 2118
1782 3043
365 5558
1051 3728
381 3517
1871 1871
833 2109
525 526
611 679
572 2075
271 6218
70 747
601 2680
2891 5475
2152 5816
2159 2161
1889 4350
271 3104
680 2891
365 2105
1871 4385
988 4191
641 1985
2891 5317
281 502
2618 6683
271 3057
1961 6638
3826 4345
2474 3034
890 4168
2286 3408
4469 6784
2125 2379
1010 1980
44 143
115 5906
718 739
0 2123
271 3487
1130 5812
622 622
83 2988
957 6613
0 4
2863 6421
1274 1464
271 6969
1137 6252
1008 1011
6223 6223
93 769
1137 6181
5027 6131
914 914
271 5872
3001 5530
7098 7098
1137 2558
1274 2891
271 2432
2016 2016
1904 4060
0 1268
6935 6935
365 4198
3792 4168
2125 5419
1390 2563
3074 3074
2114 5691
145 2891
2844 5391
2618 4530
271 3309
260 1695
572 624
2125 2946
1024 4420
400 5374
783 5857
399 1607
2737 3886
856 2891
957 2545
365 920
6638 6638
1880 1895
1081 1137
304 1984
1380 1792
1011 2715
1137 5604
747 766
271 3627
1264 1490
365 1797
70 271
72 1137
3290 3333
777 1872
1352 2722
365 7288
1533 2392
1008 2715
216 279
5559 5559
1137 7425
1008 4162
1695 4658
915 1137
365 2871
238 327
4016 5499
81 2152
271 7102
1687 1687
988 1901
107 2852
564 2513
93 5071
0 3441
1041 3927
2516 5437
3792 3995
3722 3826
4000 5499
908 5906
801 1871
2714 2717
271 1782
1961 6811
2437 3011
3978 3978
1079 5877
1024 4468
712 5815
365 2220
1001 1984
2891 6211
912 2254
5391 7231
138 382
572 1904
1893 2793
912 914
575 2038
2751 2751
1137 5351
1011 4106
271 6157
1137 2871
394 1137
93 1872
1872 4099
764 1502
365 2478
376 804
110 1782
365 3475
912 2100
143 2988
7 1792
1064 1137
2891 7121
5084 5938
797 958
1492 6261
1406 3427
685 685
1421 3687
888 2781
40 7692
271 1778
1130 2891
271 2456
68 143
271 2248
5118 5608
1035 2717
1044 2377
2774 4054
2043 2474
398 523
365 1600
365 6994
564 1395
279 459
1693 1693
572 912
912 1325
523 1492
1942 2772
1357 2080
508 2988
3436 3436
0 6299
143 2254
2085 4982
2125 2903
572 3983
1872 6570
1137 5043
833 833
1137 6123
4710 4710
107 138
3876 4261
6215 6215
572 2705
3859 6663
1137 2510
1137 2244
2600 2600
230 377
143 5224
622 4082
988 2891
957 6705
81 115
988 4014
832 4219
279 497
2880 3152
572 1871
1909 1910
3478 3478
0 5747
1212 5052
143 3237
271 1635
271 5161
980 3918
1011 4136
0 5303
272 608
143 785
6170 6170
377 6513
4128 6684
3290 4661
891 4233
377 6656
868 2144
356 1736
2180 2180
81 2914
0 102
6675 6675
2891 7194
314 5316
2694 4057
1137 5812
1499 3498
783 2942
1274 3573
1884 2706
1119 2088
40 7672
761 1117
625 1035
0 3571
2707 3821
131 2395
3529 5543
1110 2441
279 431
1826 1826
1137 3472
1137 5949
1235 4710
912 6153
3735 4305
957 6764
5719 5719
2891 3663
792 4549
3736 4416
71 81
93 2891
752 910
601 685
747 1641
747 913
1137 2478
1815 1815
510 2891
365 1207
2737 4471
783 6067
271 6434
683 5361
1904 3728
271 7342
3792 6540
5190 7040
988 4208
1901 2225
833 2108
572 2074
160 279
579 1137
3886 4000
365 5332
365 1981
272 3970
1137 2931
761 3334
1580 2468
3820 5741
747 3210
5460 5460
2104 3665
365 912
1137 7044
647 718
4292 4412
365 3567
783 2479
0 2254
2062 2063
2700 2891
912 1149
2321 2321
1044 2049
909 5307
2150 4981
1562 1942
0 5119
138 2055
2891 6458
1900 1900
2891 5151
3001 3001
365 811
1591 3319
312 1247
6661 6661
718 740
544 833
365 1111
271 5407
271 1094
271 4461
143 5816
1693 2891
272 808
516 526
566 6927
1991 2468
507 873
3597 3597
227 565
1160 2162
365 599
271 1480
896 4135
523 2125
271 1422
2044 2044
1087 1662
1051 1901
93 1339
893 1942
1352 4040
3187 3189
271 1206
1395 1395
2468 3683
697 1872
1240 3593
271 5755
271 1151
156 4382
0 6060
1080 1137
377 2742
2114 3187
1896 6794
138 1012
523 2286
3826 3978
0 5637
957 3967
0 5876
833 2112
1010 4350
2088 7148
1872 2709
651 782
1901 3545
1893 2891
4119 4120
2043 2704
271 5021
314 2330
764 1664
572 3736
271 3010
281 505
180 920
4008 4008
1035 6599
2017 4289
1803 1803
801 2776
3845 4097
5391 6933
1436 2891
712 712
1163 4582
4072 4416
0 3649
615 808
2474 5459
271 2225
749 750
365 2966
81 5496
236 591
1357 2435
761 910
827 2476
238 326
143 1547
2137 5052
1130 1522
271 2338
143 1397
753 3210
2759 4416
93 788
331 2306
5703 5703
133 2516
365 1343
1882 4131
1177 1392
377 379
3706 3871
1137 1450
1237 1237
792 4708
2044 5499
1904 3760
271 678
2006 3973
2724 3968
81 5045
1825 7362
267 523
912 3218
2007 2694
2022 3827
2807 4534
146 146
4401 6730
5517 5517
365 5372
2699 6609
271 5238
2652 2807
271 6277
230 1024
3141 3141
1736 3187
1325 1325
2891 3593
550 718
801 4057
572 3829
1348 2304
2668 4097
365 1079
1130 6303
857 3241
34 81
1901 1921
919 919
2007 3945
272 1038
2891 5167
877 2050
5045 6153
841 5731
2104 5545
2665 2891
0 107
271 5489
1199 6935
107 932
2891 3116
271 1063
365 2279
2055 4336
271 2247
3973 4319
1137 6078
143 1051
0 6995
1942 4519
107 6318
988 6656
271 5357
228 2441
0 6463
93 642
138 1319
1035 4060
3596 5060
271 6934
3764 3832
2244 2847
271 5953
680 747
241 365
2891 6073
748 910
1137 5050
1782 4984
783 5330
2891 5888
1901 3720
277 365
2818 2818
1585 3203
0 1533
1223 4661
143 2433
402 2475
302 1901
138 868
271 1766
272 2012
271 6391
257 591
2392 3696
6141 6995
271 5160
1110 3683
377 1901
378 2613
2891 5422
271 5050
64 576
1051 1193
2027 6564
747 2100
868 2145
407 709
3911 4377
271 3680
2137 2242
2251 2392
1011 3742
2377 2474
2063 3973
1900 4319
0 138
271 1135
797 1997
1777 2614
2678 4394
81 1981
138 145
859 3683
1137 5723
1890 2618
1942 1944
271 2478
2307 2468
0 2125
271 2271
116 1130
1137 6051
1397 2116
1872 4065
580 611
1252 3593
4166 4305
271 2293
1137 1961
3466 7006
2114 2837
998 4179
4066 4066
958 3858
107 6466
104 1667
118 118
257 2197
888 3822
572 2780
1591 1687
2699 2699
747 1640
1528 1528
747 912
1811 6540
5060 5060
66 6148
681 2145
783 6075
271 6433
29 1121
402 523
1011 2068
1008 1032
2674 2740
1764 6067
0 4305
3792 6539
833 2107
271 5205
271 6217
382 3845
1811 1901
584 5756
1325 2614
21 783
365 5331
1099 2891
3898 4322
1885 4395
1872 3804
2468 3728
761 3333
912 1541
281 504
2516 5443
272 2479
271 3621
0 241
4083 4083
3638 3638
713 2436
4289 5741
1904 2007
1137 5871
271 2528
1343 2891
1986 1986
868 2343
1942 4301
1971 4234
1013 2741
783 5018
1927 1927
365 2334
344 1892
6171 6171
271 2220
5731 5960
365 7156
1379 2891
143 5815
271 2510
3904 3904
0 3597
1130 2151
93 7233
641 4382
273 4620
618 618
6518 6524
507 872
365 5242
1130 2341
1011 2545
783 5573
0 596
271 1366
1137 2341
1402 5020
1522 2478
119 912
271 1421
2135 2137
271 2138
610 2299
7334 7334
1137 2286
1137 5244
1901 2088
1553 7161
1008 3760
1137 6476
3948 4160
4351 4420
868 2988
6927 6927
271 1406
3968 4207
2928 6993
271 5754
990 4116
0 2828
365 1229
868 1981
1137 1230
1239 1551
93 2397
3509 7393
1130 4890
271 7367
116 3144
1652 3219
2651 3833
833 2111
3832 4026
1137 5464
572 2044
46 1099
2787 3765
783 3548
1051 3008
2891 3600
4111 4261
5094 5137
271 1994
2911 3118
1872 4095
516 521
564 6115
271 1883
271 2243
2125 5606
107 3599
2114 5139
859 3170
2392 5604
272 1027
2731 2750
912 1430
2637 4055
785 2891
271 2555
650 692
564 5992
0 3648
801 2966
1008 2717
107 2607
5137 5137
912 6356
6312 6312
0 7075
271 2224
749 751
2263 5094
985 985
833 5347
1993 2706
143 1088
919 3154
271 2347
271 3416
365 1069
4344 4348
271 932
279 279
2786 3832
138 1335
2739 4170
271 7100
2392 5165
365 564
1137 1138
1670 3240
613 868
1406 3638
1137 2125
764 1652
747 988
143 868
1050 2828
3509 3509
279 2211
143 2343
783 890
2891 5540
4470 5094
381 680
385 2675
31 145
272 4159
1527 2382
564 5134
2891 7488
271 568
988 4453
1800 5918
1652 1652
1006 1137
970 4216
2891 5547
1872 2682
382 2077
2085 2665
314 1748
2508 2891
690 718
271 5022
990 6800
2678 6694
3714 4013
0 2478
2468 4261
3673 3673
1022 2022
271 3652
93 5962
3751 3832
2114 2235
3187 4728
272 895
1000 1000
564 1481
791 1397
1008 2069
257 3692
1553 2891
1008 2706
2268 3098
3911 5499
2891 6327
2080 2080
2554 2891
601 4444
271 2376
912 7165
868 2884
2019 4479
1406 2430
279 457
4040 4040
1901 3908
271 6072
2448 5078
1159 1159
365 942
1160 3456
407 523
591 1981
5553 5553
911 1137
2819 3832
599 599
365 6777
564 1904
783 5331
224 4125
1602 1698
2759 4159
988 2620
625 4482
2108 2108
81 6185
3520 7181
0 246
5393 7294
101 564
747 5783
2828 5320
783 3065
4443 6752
331 2988
311 314
3728 3859
365 5394
139 145
365 2177
3848 3940
2933 2933
764 775
4168 4168
1861 2988
1192 3143
3725 3725
1872 3706
1480 6465
0 7439
671 1041
314 5536
1942 2225
4040 6679
1553 7207
2777 6598
7061 7169
385 3801
1121 2988
3187 4672
135 1137
1137 5575
1013 4346
1370 4781
1382 2872
2891 5239
1942 4194
3683 3683
564 747
4148 6757
224 6608
365 5758
2891 3154
1008 2772
47 2007
1108 2343
2891 6943
1137 3173
271 3386
1177 1575
1031 1901
718 732
279 430
1901 4252
1268 2341
955 2756
279 445
271 1564
564 5883
2341 6044
1041 4029
591 747
2137 3138
6310 7384
271 1133
996 4302
365 4989
3763 3763
2756 2756
1901 4099
4227 4227
2614 3772
2991 3719
625 2767
1745 4945
1352 1946
365 728
572 1041
1137 2216
143 155
1137 2789
271 2692
331 1904
0 2882
271 7341
11 2988
302 1872
1137 2700
3121 3859
833 2106
885 6626
81 100
1352 1355
0 1492
2699 6561
5558 5558
680 934
0 2596
0 271
1011 3953
331 332
272 572
3922 3922
143 568
1900 4382
2125 5329
410 1864
4038 4305
1044 1942
271 4975
5094 5834
272 995
81 5375
4023 4236
2468 2717
1959 1983
1998 6608
1137 5876
1006 1901
238 271
271 2527
797 3881
390 548
1051 1137
1900 6607
912 1811
138 707
3832 6542
2891 7026
1235 4790
583 7263
3935 5499
833 5303
1137 3584
1071 2022
3910 3911
1235 4739
241 241
385 1016
271 6013
331 910
278 304
271 1478
2957 5930
1441 2468
486 636
271 2137
271 5986
992 6834
1352 1981
747 1777
1883 3776
2234 2234
755 910
2891 5818
1872 3818
783 2963
1137 4946
81 394
3584 3584
895 1872
1137 2474
271 1806
2384 5118
783 5932
1901 5094
365 2832
2363 7115
2468 3926
3888 3888
2468 3186
1335 2395
2654 4175
4385 4385
747 1404
271 5018
4412 4412
1137 1319
519 523
1669 1669
5815 5906
1137 1616
783 7342
1100 2969
302 608
1137 5517
523 785
2159 2903
93 912
365 2359
271 7216
378 892
1108 2082
1008 1998
1035 1944
2125 6509
0 2095
868 1553
271 2223
3568 3568
378 4166
1335 2891
2510 3569
271 3415
2125 6274
2125 5186
1113 1137
238 325
1008 1352
1635 4662
1901 3883
3709 3709
3031 5282
3757 4433
912 1635
10 5906
762 764
0 6233
890 1893
365 5063
4575 4575
1137 3537
271 779
2463 2891
3509 5283
523 1081
523 1406
709 709
0 2968
271 1779
236 636
3748 3926
1984 2468
272 4274
365 5630
1889 5499
4268 4268
378 378
1764 1764
1942 2007
783 5791
745 746
225 279
4148 4269
331 1977
272 1957
1022 2791
1137 5438
120 143
40 2337
365 2172
575 2039
2863 5554
833 3063
1872 2683
228 307
678 678
2093 2392
2602 2602
272 3885
1543 5637
1137 2563
785 5285
1016 6633
1243 5701
279 637
356 1137
2928 4970
365 1410
272 1042
143 5906
2703 2706
377 2054
1804 3588
2010 2729
3187 4759
365 2392
143 1181
7102 7102
2748 4100
271 5487
1137 5819
145 271
2253 2863
912 2437
912 3435
1352 1352
271 2474
271 5463
143 1050
4040 4329
143 1138
279 456
365 5193
1163 1163
2007 2114
2903 5145
912 2665
107 1093
378 1035
584 6223
912 1235
5617 5617
730 944
1893 4350
1352 2033
1137 3535
1008 3707
2888 3517
1091 1091
2510 5891
271 5683
230 379
859 5894
2891 5697
859 2891
5281 5327
3736 3939
271 6331
2852 2852
636 818
1243 2335
783 3066
572 611
909 5052
1113 2891
365 5393
1024 4261
271 5071
608 2067
2689 2891
4968 5868
992 4534
3707 6581
358 6012
4421 6821
271 6158
7095 7095
1464 5819
143 783
0 1547
1352 3026
551 987
0 988
1664 3357
3235 4725
414 2891
795 2891
1506 3170
1178 1274
365 5871
2494 3418
990 6603
1871 3807
271 3573
365 2321
238 1137
1137 5816
2341 2891
32 584
923 6857
2476 2902
5580 5580
378 1990
766 1630
138 4319
279 559
1797 3490
4418 4418
271 1004
279 421
4330 6661
3506 4945
783 5671
271 939
3404 3404
47 1591
4176 6639
279 444
1745 5487
5393 5393
912 1343
2516 3645
1137 3665
912 2891
1887 4350
1228 2476
608 1044
271 5866
572 2795
4319 4382
1635 1650
2085 3290
272 6578
572 2717
2077 2474
271 7434
388 392
2468 3792
4196 4196
1161 1251
605 4469
365 1469
833 2105
636 661
1803 2392
564 5182
81 99
0 1147
365 3014
103 2161
1692 1694
783 5764
0 365
2114 5190
1137 2929
509 1199
962 972
3727 4099
1529 5533
4029 4029
365 6036
271 4898
287 2474
2391 2392
1137 3116
3926 3926
2392 5580
0 599
0 912
0 939
2891 5218
1901 2709
107 5996
271 6998
1876 6555
0 2165
271 3596
1211 1456
0 5063
2963 2963
1553 2591
278 1984
1116 1541
271 1091
2769 3806
581 948
158 279
1207 1207
19 5816
107 7181
1343 4142
618 620
808 986
2076 3736
271 2176
988 1878
143 1108
2063 3768
1909 4482
1012 1945
4257 6807
768 910
2700 2700
2678 4408
2676 2676
5372 5372
2125 2827
1160 3478
271 5985
271 1312
1871 2693
591 2125
1466 1466
271 747
783 5289
3187 3188
783 4377
112 2269
99 107
1137 1455
271 1165
1745 2216
523 1108
1650 1650
271 1805
2150 5369
18 5274
271 6463
654 3986
325 2600
1553 5413
1992 1992
1022 3786
2988 3692
272 2052
909 6162
608 1942
331 623
365 3029
271 564
523 1051
912 7291
314 4951
365 5464
410 5928
851 2197
271 5125
584 5379
523 1343
755 771
2891 5463
1352 2668
3227 3227
2088 6356
117 281
1044 1901
2457 2891
2699 6753
990 6869
271 4132
1871 3717
993 6651
868 2468
1580 4641
2341 2614
1006 4497
747 1352
2474 3144
2891 7201
683 2392
0 3646
1388 1388
1137 5756
3517 6949
1942 4416
271 2222
1343 1901
2468 4411
143 1087
1008 1918
747 2836
81 2988
1777 1777
4968 4968
279 477
365 3863
385 575
1872 1885
271 2177
2392 7030
238 5536
2826 2826
909 2239
792 792
581 1108
85 85
2336 2336
1618 3218
1137 1137
2678 4506
3517 3600
143 988
0 6114
868 1815
3926 4392
2693 4336
1901 4059
3509 5282
895 4509
25 4355
279 2210
143 2341
410 3692
1944 6696
2891 5706
888 958
1406 5499
377 2816
385 2027
107 3154
1137 1206
365 1100
272 1995
271 5177
783 5792
70 783
271 567
365 5392
365 1541
2286 7088
1942 2100
85 365
2012 2621
3714 4040
0 5421
752 1659
912 1565
244 2392
3733 3969
3177 3177
3559 3559
107 3494
2137 2137
783 2264
1942 2676
1054 1054
365 3473
783 2386
107 912
93 868
111 279
2780 3731
1490 1670
868 2554
1035 4519
2612 2740
271 5486
1137 5818
591 676
2663 3749
1900 6575
2382 2468
10 81
572 808
0 3632
271 5374
271 1081
7394 7394
143 1201
2891 6952
650 718
646 718
1137 7407
1010 3732
1137 6075
271 1142
2451 3527
1137 5982
271 4382
279 462
556 718
2771 3830
912 7153
1544 3509
271 6933
3187 3187
912 7054
365 568
1019 6675
2043 4466
3727 3845
143 2468
1901 4095
1079 4936
314 3050
331 5906
271 2872
1100 2125
599 3998
279 2201
895 2991
365 7398
3716 6640
1137 2514
138 1035
1650 3218
2235 2235
365 2837
138 962
1137 1383
365 5547
1185 2260
1130 1921
1212 2893
5205 5205
143 1901
2125 2474
271 709
1357 2017
1130 5063
1024 2650
539 1137
985 3703
2088 5070
764 769
1624 1630
74 145
365 2094
668 3792
917 6974
0 1406
1054 2082
1229 2068
815 1871
745 5731
2510 5015
999 3993
1352 2795
224 629
912 7043
365 3410
135 3550
1079 1137
1135 2474
1012 3770
281 1864
599 3218
365 2397
1872 4301
912 1406
564 5768
1901 2654
1137 5815
2679 3825
1042 3845
912 1067
4396 4396
896 3723
4148 5499
2733 4032
0 79
766 1635
728 6367
2891 6410
1958 1988
4166 4252
379 6562
868 1235
0 747
1099 1706
279 420
4421 5499
358 912
70 356
610 2091
279 435
4305 4399
271 1358
783 1196
2439 2439
238 2516
2005 3727
564 5529
257 1406
1577 2468
3574 5391
1981 2675
107 120
747 775
868 2818
914 6869
1607 3310
400 5038
6648 6648
143 2088
271 2899
2675 4490
365 764
378 1942
3034 3167
1026 1900
912 7473
1130 1130
2678 2678
783 912
1782 2829
3437 5839
1012 6598
912 3282
912 5764
1024 2891
833 2104
272 1945
46 46
783 5889
2085 3333
272 685
0 5736
24 5815
271 6309
957 4332
3167 5548
608 6750
981 2468
3850 3850
2891 7306
1213 1393
378 4501
957 4449
1984 3810
271 3986
2817 6651
365 5798
2795 3829
5333 5333
1240 2392
1035 2061
271 2526
1904 2742
890 4084
988 1137
762 5257
365 2333
988 4011
895 1901
0 3660
2478 3035
93 7163
2382 3489
1130 1324
66 5020
909 5995
1914 2795
2891 7170
1942 2053
419 2988
507 883
271 1529
3753 6599
3001 5446
995 995
890 2793
1092 1438
107 7394
331 5274
2742 4387
72 3120
138 1108
1051 3665
629 6612
1048 2545
262 1160
1234 1234
1764 4519
2100 2699
1585 1698
832 2022
1137 4944
6028 6028
813 813
572 2688
1137 1397
1893 2641
81 5065
608 834
572 2007
378 4077
138 1406
2052 4041
1944 2666
12 12
608 2024
1133 2309
314 2441
3517 5756
1422 5904
4890 4890
0 1444
365 5359
1130 1312
2125 5376
523 524
2063 3861
2891 3127
1343 3010
1137 1683
17 2193
2225 2772
365 2577
783 2468
138 783
5652 5652
914 4280
272 3746
356 4721
1945 2777
3832 4128
783 5259
3537 3537
1137 5515
365 2463
143 1782
107 5966
958 2007
987 3792
306 859
988 1035
783 5002
271 2449
1901 2891
2071 3765
271 2244
1989 2681
365 1635
271 5434
1011 4410
949 2891
629 3873
271 3413
6522 6522
0 3578
133 238
275 1110
1927 2641
1137 3427
302 382
3420 3420
1031 3778
3934 4022
1893 3948
271 6994
365 6158
177 279
1008 1811
54 54
601 6594
271 2962
6600 6600
572 2740
697 1942
551 718
365 1251
1106 3675
1991 3961
232 271
700 4425
271 7310
868 5705
834 1901
277 1135
2404 5906
107 5445
1268 1550
2468 6706
365 5391
812 2052
143 595
6932 6932
279 1359
2286 2891
365 3675
1357 2662
1201 1201
1782 3441
753 1663
1872 3752
834 4070
12 5906
3290 3290
325 1053
0 290
957 1352
69 1401
365 2596
2033 3721
2084 2084
379 571
912 5783
2478 5911
2341 6311
377 6690
4014 4305
365 846
1108 2028
366 1961
1901 3844
271 1130
365 2384
868 2306
1893 3736
40 7693
2741 3736
271 2472
2350 3144
783 3506
314 5997
0 6444
2647 2647
79 271
331 4319
988 6658
271 5354
143 1137
1882 6521
12 584
24 143
868 1461
2778 3769
2468 5168
2392 5092
1923 2717
910 1261
2891 6076
3847 6521
713 2382
0 1352
868 1782
868 1591
1156 2903
6708 6752
277 564
0 5935
271 7335
1352 3828
1137 1193
271 517
2286 4890
1003 5741
2324 5860
552 718
1529 1529
271 6412
153 2988
2047 2652
4379 4379
81 1070
1067 3483
2392 5921
907 5609
817 2891
29 1211
2298 2903
271 3073
365 5281
56 2988
377 6514
582 3300
2384 3675
385 3709
365 5985
1011 3893
1000 2815
3908 4305
365 1776
377 4259
272 990
365 3398
271 3571
988 3988
1652 3357
3929 6514
40 7677
2928 5106
2088 2269
888 1352
1872 2015
785 1901
1137 3474
2759 3719
1048 4518
1901 3727
372 702
1144 2872
271 381
279 434
1942 5094
608 4367
313 5530
107 7001
783 1197
572 2474
1137 3670
1036 2668
572 1035
579 579
1622 3227
1187 2304
138 1544
868 3004
1133 2478
2889 3517
1352 1777
599 1011
365 1206
70 70
365 2272
3300 4545
2891 6464
1011 6527
0 2874
365 5550
1871 1955
914 2614
66 5906
1352 1727
1801 2891
2648 4137
3753 4416
1624 1656
2709 4075
68 3093
1745 2891
107 2246
271 3004
2085 2891
2719 3771
1420 1420
1904 2043
3083 3083
2468 2714
988 4042
271 3700
785 5686
868 2224
143 1086
1942 4305
1130 7465
0 5886
599 764
293 2748
107 7075
143 1081
1782 5547
271 2506
1335 2874
1900 4133
107 7175
279 285
1942 2056
2557 5552
629 4019
608 4291
833 2468
3779 3779
2474 3449
1900 3777
1163 3252
1899 4046
68 912
4192 5499
890 2794
0 1739
988 4500
868 2614
936 5906
271 5802
2392 2392
2137 3177
143 236
1101 2427
905 1137
3806 3826
1137 1453
1035 3724
868 1635
572 2687
271 2619
154 1110
5394 7385
365 1227
1988 4119
1904 3753
0 2772
365 5472
564 912
2678 6527
890 1137
783 5856
3832 4078
314 3433
1160 3050
93 279
271 1600
93 3575
4072 4072
2510 3092
271 914
4096 4099
0 1397
0 7309
3922 3953
988 988
868 1024
0 1011
138 236
101 2891
1663 3333
523 783
0 2577
2468 4725
990 1322
680 2836
747 1358
0 145
783 947
88 2891
365 1744
2478 5832
676 5094
572 834
1745 3151
4093 4093
0 3577
328 2516
1130 6022
271 7098
1877 4343
868 2692
564 2145
2088 2157
2341 5916
1137 6135
1051 5613
1406 6055
2891 5986
747 1650
743 6064
271 2769
2468 3670
868 1883
271 1777
2891 5925
279 2209
2100 4245
940 953
1108 2468
0 2891
271 1826
783 6979
267 517
5052 5052
3926 4324
4471 4471
895 4336
747 1553
1981 2697
2651 2805
529 4262
1872 2678
3118 3118
743 4910
1871 4484
272 3915
1051 2968
174 279
655 2891
271 839
93 5987
1901 2028
783 2266
1942 2678
1010 4256
107 2376
242 328
783 3414
0 2912
2085 2394
2791 2801
272 967
81 786
912 1108
529 4428
601 4214
910 1663
686 3499
912 6390
2510 2545
2239 2242
271 5372
2451 2474
14 5906
325 539
271 5461
1041 1041
271 2372
1004 1942
1553 2614
271 3440
1739 5433
564 2468
271 2286
271 6931
551 736
1137 2385
1003 1003
783 1739
1137 1406
0 6316
1947 1947
886 4382
912 6940
564 5620
3217 3350
143 2306
271 2896
747 1659
4312 4312
7 7
321 325
49 2468
2125 5690
0 5934
1335 3578
1212 2891
909 2545
1992 3947
379 3987
4020 4020
245 281
2057 2618
272 4043
2699 4312
2770 4421
1872 2772
1693 3250
81 1122
2476 3433
4013 6874
378 2742
1178 1178
365 5280
1242 2891
126 1211
1782 6329
2627 3728
983 985
909 2292
365 3593
572 3915
1764 2474
271 5045
572 2100
996 1037
271 2479
673 5932
333 611
60 279
2618 6627
1782 6137
2088 2480
1872 3956
6598 6598
1137 5881
2468 5747
2468 2737
0 2318
4322 6526
271 3704
917 5002
3517 6252
1406 2138
2264 7038
868 2407
40 7678
2618 2803
1268 1901
0 2143
1872 2012
376 4530
2891 6313
271 7071
271 1474
1048 3725
2395 5496
1044 4245
1872 3855
1921 1921
271 2132
700 1879
1924 2022
995 1035
2665 3565
1900 3755
1149 1568
241 3496
1472 2237
84 84
271 1259
1051 5264
0 1312
1137 2480
3173 5391
4345 4345
1987 6707
365 5553
17 257
1942 2013
5728 5728
1011 6594
3752 3891
2891 3617
909 1394
2043 3803
889 1893
0 362
0 5392
2104 2176
271 3098
2088 5143
890 4416
793 793
272 575
2618 6689
238 4910
781 1900
0 2271
271 3617
1901 2699
320 743
669 1591
2722 2722
81 257
2474 3138
365 2428
365 7167
5606 5606
912 2391
1507 2392
859 5684
1393 2088
3596 5540
107 498
1212 5307
868 1541
1035 2676
2891 2988
365 2861
3144 3144
68 868
271 1543
2468 5123
1165 2891
81 795
379 4319
636 1860
1406 2478
6075 6075
3079 3079
1871 2651
281 286
3576 5275
86 241
277 868
2102 2104
954 2705
2022 4156
1137 2155
2220 5134
1234 1235
2043 5499
651 4382
271 1403
4 957
988 4259
1137 1396
271 1803
564 868
955 3792
15 81
2238 7170
271 6460
2474 5168
1073 1137
1137 1177
834 2682
358 2951
2700 4466
1137 6498
3824 3918
2889 2889
271 6241
1137 3720
228 6364
1137 2974
271 3218
4138 5499
4054 4903
365 5354
1130 5115
142 143
4234 4325
1352 1630
378 2681
271 3129
271 1219
912 2988
568 747
0 5112
4969 4969
356 356
365 1406
365 2562
1406 5165
2682 2682
1407 1568
365 5938
271 5600
358 7220
66 7054
271 4013
371 371
365 785
2828 5110
271 3597
4582 4586
3389 3389
257 365
0 2088
40 610
271 7120
0 105
143 1085
4305 6598
912 1419
271 3412
2678 4239
365 6412
1901 3772
365 1591
365 6981
228 2516
365 2890
143 1544
143 2665
2894 6347
1137 2387
271 2334
1041 2729
1585 2468
271 7436
1137 3613
890 1768
365 2254
3763 4170
1130 3703
397 410
1100 1130
0 6053
279 2208
2140 2238
1036 2678
1455 3187
2145 2589
1008 3983
618 808
2135 5094
271 6488
0 5621
2089 2089
271 1764
2837 2891
1981 2789
2145 2821
381 2286
832 4181
365 1156
1872 3820
3832 4205
825 2155
2891 3074
271 5152
564 1153
783 1137
2654 6609
0 1054
568 1901
17 2198
271 5042
279 948
378 608
2573 5393
797 1137
271 7144
3891 3891
2413 2413
2276 2468
259 834
93 6391
1011 4456
365 2385
372 572
1035 1904
494 636
764 3862
3924 4372
599 2891
1048 1901
2716 4100
3986 5499
3728 4469
365 6423
271 5308
93 7201
365 7118
1463 2085
271 2371
1600 4604
2891 4946
564 1225
271 7044
271 5352
107 7220
2107 6034
2891 6135
271 1560
783 1791
1011 1011
271 2099
2468 4486
912 4922
223 1046
271 5025
386 718
608 1024
1051 3632
0 1358
2529 5342
3593 5049
868 1777
314 2169
0 6022
599 955
701 3720
103 271
271 6426
1335 3577
2891 6137
0 3003
271 6328
1883 1942
1871 4138
19 610
884 4189
2107 2107
271 2468
377 6814
1357 5123
271 6932
257 1137
1800 2437
1526 3593
2015 4072
281 664
1624 1639
868 1108
2474 3227
365 2095
909 2297
81 1184
572 3918
600 974
783 3457
1904 1942
376 3941
93 1901
1896 1982
2468 2974
1635 3220
909 5402
1904 2709
1653 1718
2137 2239
365 7256
1406 2562
912 1076
17 2988
783 1556
271 277
2468 2476
2387 2387
801 3716
40 7679
868 5168
2069 2821
754 1895
365 2301
4141 6823
1872 2013
1602 3312
4040 4249
2872 6483
2468 6586
868 1406
2891 7348
887 2027
912 1346
279 433
990 4152
813 1904
3801 6623
745 912
5020 6148
888 3971
271 2131
81 1380
271 2824
700 4232
3883 6571
488 636
2088 2521
143 3573
138 523
1137 4950
1942 2692
5997 5997
120 912
143 821
93 2385
2468 2642
0 2872
518 1052
271 7337
1777 2474
271 5202
572 2067
272 2748
1137 6933
2737 3874
0 3158
0 5391
137 531
2891 5391
519 531
2618 6574
519 7664
3241 3241
2474 5499
25 5816
240 2988
350 5906
377 4510
747 748
281 559
1137 1804
54 6320
2096 5731
1352 2690
1067 5341
2007 4084
80 2891
2903 5566
4545 4708
868 2341
271 3593
680 3418
1035 2742
4322 6609
1008 2012
1212 2292
2647 2777
249 279
336 611
4166 4166
1176 1177
377 4055
2744 2744
1008 1896
5662 5662
1942 1969
2891 6385
84 1652
905 5678
1031 1872
1718 1718
507 881
4244 4322
783 5641
1959 2017
1616 4711
1130 2318
564 5489
271 6962
271 5916
6464 6464
93 2838
890 1901
409 523
700 1968
889 2891
958 3835
313 314
271 2845
1137 2154
2828 2891
747 2545
14 271
1745 2122
0 1201
2618 4359
1881 2991
1206 1206
3801 3861
756 910
1652 3217
2991 6599
1915 1915
378 3956
1872 3844
2891 5553
271 6122
3946 4305
272 3889
3427 3427
2891 5460
3722 3722
74 116
143 1325
2668 2678
1259 5096
912 2186
1791 5391
365 1408
1587 1591
1042 4098
1032 4471
409 1318
45 81
1067 2882
3828 3828
365 833
358 5517
1006 1872
1013 4200
0 5006
751 910
1130 5742
271 5573
276 2392
1950 1984
749 756
1942 2974
0 104
1059 2125
1130 2919
868 1529
271 5347
1956 2022
0 6499
890 2077
271 1545
1942 3760
236 2891
681 2468
4469 6571
381 1335
365 5156
1137 1907
1191 5391
912 6197
1901 2372
572 2741
120 1108
3187 3262
2082 2082
1137 5001
1942 1981
2614 3565
2212 2988
697 1901
762 1635
94 2988
143 261
81 2306
365 1183
608 1872
0 5585
100 5406
1024 2751
271 6382
365 3046
0 1499
4305 4384
783 3625
365 7324
1177 1569
1027 1048
2753 3748
1872 2676
271 5151
4040 6777
749 1663
331 341
1006 1035
1130 5201
1568 5906
2683 3890
5868 5868
0 2480
2623 4292
271 4944
1871 4379
1067 5390
624 2007
24 116
564 1480
1035 2991
93 138
572 810
2721 2721
271 1078
5566 5566
1464 7168
957 6523
1137 6055
1767 2117
962 3954
2655 2655
271 7043
764 868
0 45
1137 5959
671 2622
81 3237
1695 4601
896 2690
2781 2781
271 5948
271 1272
608 3389
857 1733
912 1233
1137 2318
3473 3473
2706 3733
378 6620
2875 2875
1137 6131
6651 6651
2670 3809
2150 5913
698 962
2085 3573
1217 1235
491 636
381 783
2293 3531
2085 2085
1352 1979
2694 6752
2107 3330
93 6291
0 3002
3910 4466
3687 5670
1137 1191
1893 2636
81 350
1051 7425
4416 6526
81 110
868 1325
272 1883
2676 4305
271 6301
3675 3675
791 2891
1038 1038
138 378
271 4988
365 3589
2784 2784
1010 6641
1438 3506
365 908
365 1430
1901 2059
1437 1437
81 143
1882 4147
893 1904
718 721
6170 7310
868 2100
5065 6297
271 5632
400 856
271 3568
2468 5748
6202 6202
783 1345
1035 1893
381 1138
1896 3707
271 7266
40 7680
279 395
638 1137
279 424
2125 2614
1872 1904
365 1024
1008 2891
783 1241
376 2684
912 6147
1008 2028
3818 4305
143 1406
257 2212
271 2130
992 6826
912 1253
271 2823
271 7205
143 223
859 6064
1097 1137
365 1312
261 912
2789 2789
1130 3527
2903 6284
3715 4014
572 1033
271 7449
1137 5242
2400 2420
271 1746
125 279
71 271
272 4110
958 4028
783 3638
56 1211
271 5201
2709 4245
325 3478
4245 4245
1944 2008
272 1909
271 5094
1733 2474
1872 5094
271 6117
3866 4191
565 808
2891 5392
271 1656
978 4148
1024 7090
988 3854
1130 6355
314 5562
1408 1739
747 747
912 5829
572 3758
5816 5906
1335 2992
783 6143
0 7173
271 7210
281 2206
0 5029
517 519
0 2115
4198 4198
833 927
823 832
2891 6386
1137 3525
378 1901
81 5906
271 5317
271 1008
145 371
143 1130
912 941
507 880
3873 3873
271 6036
799 1038
1130 2317
1263 1580
365 5152
107 2874
401 542
1871 2650
1008 1012
365 5042
912 1205
271 2844
1324 1324
627 4514
1002 2750
365 783
1693 4680
1137 6394
145 607
1670 1670
2627 2627
1243 1961
271 7452
257 523
2392 3416
1959 2468
608 1944
572 1998
777 1343
2005 6636
1161 2938
2674 3783
1130 3110
833 7098
271 6078
3517 5818
1137 2884
1946 1946
0 2585
271 912
143 6231
519 5142
271 3024
1137 5617
962 1872
4950 4950
1160 1527
365 2088
271 1969
868 1319
2872 2872
797 3832
1406 1430
139 331
1901 4257
365 7283
1035 2033
350 2928
599 4241
3502 5731
1015 2065
914 3967
581 1373
271 2448
5296 5296
2056 2675
807 4382
0 103
143 1084
680 912
1137 7336
2303 6028
1777 1901
912 6115
2468 4466
1499 2421
271 2095
1062 7633
2030 2742
1921 4020
2437 2891
1641 4620
777 1942
2125 2891
365 5044
1591 4781
564 3627
2238 5971
107 145
2903 7229
271 7484
1137 5000
912 5553
912 1904
1693 4676
4379 5569
3401 3401
2891 5703
1878 4322
0 5584
957 4116
1137 1544
3889 3889
271 5259
97 143
957 4280
7153 7153
1406 1410
821 840
5650 6993
1137 5357
990 6735
1067 7378
2088 6509
2891 5439
2516 5274
143 1343
394 2928
681 681
138 764
1044 1872
1011 3856
116 143
0 7215
377 6693
145 912
107 2474
1137 2993
1137 1745
912 3523
1916 1916
1335 3109
271 5392
317 827
1872 2007
2056 2707
955 2646
2125 4936
2098 2114
912 6260
0 2333
271 7042
271 5350
279 452
909 1212
1199 5401
3826 5741
1137 2364
3509 7014
599 1325
827 831
2395 7415
1893 2640
271 7433
271 4176
146 2988
238 2468
271 1343
957 3852
5027 6182
951 1130
5393 7161
747 1624
1883 3724
2614 3713
138 3792
1980 6657
3832 3849
2891 5779
271 7332
1893 2637
2379 5507
3728 3728
5107 5906
3826 4031
1116 1137
2085 3001
0 5475
731 2891
107 2125
344 3719
1693 3253
1138 1138
72 912
572 1893
0 5407
1883 1901
3233 3329
40 7683
271 6179
564 3010
912 1525
365 6499
2474 3313
378 572
912 1469
758 3211
718 722
2715 3845
1137 3035
1942 4201
2043 2677
1901 4301
81 269
1547 7418
162 279
271 3567
564 5925
2043 2820
2110 2160
2891 7105
138 1872
271 3479
1040 2796
40 7673
656 2828
0 6927
2706 3074
0 36
1041 4147
1318 5330
135 2510
3848 6521
1051 2374
985 6724
564 1406
783 5550
271 2129
2573 2573
572 2759
1901 2085
118 120
5137 7188
1137 6511
2307 2891
2694 2822
3020 3020
3824 4322
957 3757
868 3144
107 546
365 5589
145 1528
104 3187
1067 1460
885 996
81 566
783 3020
271 1745
365 3108
1067 1388
3233 4725
1881 1901
599 912
3918 4513
2891 5480
143 680
272 1166
1067 2429
1872 3771
1872 2654
746 5731
271 6211
53 271
1051 7003
365 917
2433 3686
2400 5543
1745 5339
1137 6961
2891 3409
356 1728
36 1798
1137 1688
797 3858
365 5793
1343 5349
606 2593
236 1406
591 1158
2478 3096
271 5542
1553 5028
706 988
365 1119
833 926
859 5682
766 3218
1081 1464
272 372
2468 6518
271 846
1051 4416
5741 6217
1942 2059
271 2397
507 879
271 1541
1912 4261
783 5650
2789 6586
1048 3804
1011 4214
107 2873
1008 1013
6394 6394
4305 4305
2468 3931
624 624
2455 2891
4252 4252
356 2145
978 1912
657 2891
1119 1119
967 2618
143 269
1137 6393
564 3411
145 606
1024 1352
1348 3607
1995 2991
1223 3185
81 546
72 143
1900 4068
764 3210
868 3693
2392 2444
1704 2891
81 87
1352 3769
1764 5563
888 3888
523 526
3517 5819
1008 6648
230 1973
52 2143
2035 7635
1397 2067
1872 4089
1901 1901
2146 2891
1024 4086
382 1904
3829 3829
783 6392
368 2012
680 2240
1067 1067
272 1008
2752 3865
629 4353
4189 6739
1901 2613
3114 3114
2781 3832
2678 3966
1335 5462
1008 2044
2742 3873
811 2468
2107 2885
2425 5401
529 6638
6173 6173
5065 6421
2386 2386
1904 4396
271 3763
344 1910
856 856
2286 5547
271 7139
1192 1419
2286 5920
365 2891
279 479
271 2427
271 1544
365 6305
103 103
1137 5896
3435 3435
610 2249
1499 2422
271 2333
107 606
2777 3952
1704 1704
277 6082
2679 3832
834 1035
143 2451
16 81
1024 6693
271 2863
4486 4486
5065 5543
1152 4925
385 1894
923 923
69 81
271 1774
4181 6524
1693 4677
4505 5499
271 5775
912 3421
1872 2545
271 591
66 564
81 223
0 5583
2105 2105
376 3792
517 523
365 3068
271 3163
599 1130
1160 3145
608 869
365 1539
1215 1215
272 2694
2104 3595
2891 4593
1893 2638
2085 2614
271 6150
314 2382
560 1009
1137 1656
344 3958
365 2495
382 624
271 3670
783 5232
868 1335
2891 7125
2384 2891
4207 4207
271 7153
890 4120
365 792
271 2577
4040 6680
143 2891
271 5391
672 2341
378 4207
3745 3832
761 1662
59 564
2516 6045
143 365
5530 5530
1885 1885
600 808
868 2836
271 3438
1406 1553
400 574
120 5306
271 6066
1163 3301
1137 2363
271 4485
2678 4456
271 4175
365 1357
1137 6109
1907 2468
599 1406
11 257
271 1390
272 6666
1137 2099
1099 3196
0 57
1137 6423
4242 4433
6423 7452
1899 1899
1104 5065
271 7331
914 3851
120 868
4306 5569
271 6408
912 6072
701 1007
572 1896
3997 4209
3789 4370
271 6942
1137 5326
2699 4188
997 1900
1901 1969
7336 7336
2321 7430
912 3665
4153 4417
1137 3128
236 912
52 783
2721 5499
156 2085
868 2102
3845 4096
5460 7668
3296 3296
2088 2397
356 4579
1901 2784
365 1766
958 958
2642 2642
271 2596
3736 6523
107 591
3724 3724
40 7674
990 6799
0 2145
271 2266
2468 4461
1358 2891
279 422
271 2392
267 271
60 2988
564 2495
279 437
372 1965
2392 5115
365 6143
868 3186
777 1908
257 2214
912 2886
314 1160
2478 5222
764 4307
1062 7635
1095 2863
608 3792
100 143
3725 6651
2627 4152
145 570
271 672
2742 2799
0 2845
1027 1901
107 2084
785 2305
1881 1942
962 6564
358 2847
623 1035
868 1051
2807 6834
1268 2085
1901 4157
659 1081
912 2235
1607 2474
81 1221
271 3095
572 695
11 109
1335 5587
1004 1004
81 279
4351 4424
1137 1777
2018 3832
271 3613
1901 2067
385 3741
912 3585
993 1872
1981 1981
382 608
1523 2510
697 6616
385 3832
48 66
2991 4064
1051 2523
2085 2306
1792 3051
711 885
0 116
1137 5697
1777 2016
3734 6518
912 7216
2799 2799
0 3576
2100 2474
1137 6026
271 2422
1137 3453
271 1540
143 2614
1942 4286
358 5766
856 2293
1137 1916
564 3545
912 4975
5660 5660
303 718
1553 3130
271 2939
5068 5446
271 3608
271 2150
6171 6932
271 7483
1172 2510
6162 6162
271 1420
1035 3720
271 7384
271 728
271 674
271 2614
909 5077
1223 3186
365 5471
2104 2444
1900 4069
1315 2384
93 523
2891 5660
272 1966
1184 1184
1108 2784
365 3665
3220 3220
564 833
1243 2235
271 5122
727 5094
365 2138
4895 6082
554 718
130 358
382 1942
3859 4004
955 1901
236 2201
279 653
1959 2045
26 747
1137 6932
271 5597
608 6761
3799 3799
0 5078
271 3544
890 4149
1235 4676
572 3992
2017 2725
271 7233
2668 6563
3793 3793
749 759
1011 4408
4350 4350
271 3435
1035 4162
3159 5568
868 1201
1825 1825
271 2426
3517 7112
1889 1889
236 562
410 2459
833 868
783 2614
3233 3233
271 6989
807 4319
224 224
1137 3617
2468 4013
1591 1698
1137 3544
747 1652
764 1659
2468 4040
564 2398
0 1600
834 1008
783 3150
0 2894
271 1824
1006 1006
1137 3886
1133 1133
2474 6226
2611 4416
2709 4286
365 3067
143 1981
155 155
107 5552
271 6267
1137 1318
868 3517
376 1872
1901 1942
1110 5710
1987 2776
271 5039
2054 2699
0 2227
271 3042
59 81
678 2392
2036 2614
0 5241
2468 2615
1976 2706
2867 2891
2043 2714
271 6979
271 2086
914 4171
4014 4014
785 1137
793 6465
753 910
365 1143
107 7115
2613 5747
0 819
223 5906
783 2954
38 1093
976 4233
3886 3886
271 988
1011 4433
1802 2891
1137 3482
1562 5747
279 1495
1406 1772
1137 3401
859 2532
2298 6076
365 1991
564 1459
376 955
271 1492
3975 4466
783 5305
6993 6993
1130 2494
1348 1348
271 2891
747 1622
1506 2436
1348 2823
572 2699
93 2305
381 785
0 2961
564 5379
7454 7454
523 591
824 2991
271 726
1893 2639
2063 2721
1965 4226
785 5197
2648 6569
1591 3923
1872 3792
0 1104
0 5758
281 662
564 6395
1233 3003
1071 3832
2891 7331
868 2238
747 788
1635 1642
1942 2709
1401 1401
1210 2891
271 3672
1901 2692
2433 2468
358 5552
81 261
1011 3739
1942 4142
730 2914
4100 4100
2114 4925
271 5394
2642 3832
912 5168
378 4227
138 1492
272 376
1959 4029
271 7167
865 3790
523 912
279 415
2088 5948
1877 4342
2468 2748
3792 3793
584 3524
107 6284
1901 3728
271 4428
3520 3520
1130 2333
279 436
366 3989
888 4066
2046 2046
766 766
271 6097
2619 2619
1809 2392
834 4196
261 5274
3173 3173
271 2837
764 912
365 1318
912 1969
25 868
1357 2135
990 5314
3187 3263
271 7296
3069 3069
179 279
1343 3565
2468 6477
868 925
1949 2022
271 3296
1872 2811
3720 3765
379 3854
271 6235
840 912
271 3187
2159 2159
611 4129
523 536
1669 3330
2468 3863
3804 3804
575 575
1335 5586
1137 5689
1173 2384
2678 6628
783 6328
2384 2384
271 3697
272 914
865 4051
271 1113
2668 3893
302 2468
1529 4416
271 2547
0 34
271 5541
60 1211
1966 1966
4440 5569
1872 2051
273 1392
1013 2627
397 523
912 1764
4305 4460
4191 4501
1318 1318
344 2061
912 6186
271 2421
1160 2382
3188 3188
564 5485
2903 3059
107 2871
890 1904
409 907
834 6522
783 5462
392 551
2477 5299
2266 2266
1137 5005
116 5145
3918 4044
1035 3719
750 910
1051 2043
606 1901
355 1130
792 1612
3832 4018
2392 3404
2734 3792
1011 6548
365 5470
1207 5982
2709 4311
372 2545
241 1137
2474 3186
1184 1185
686 688
1137 2960
909 4953
87 143
358 1565
138 6660
1013 2043
2387 3083
78 279
74 74
1006 2070
271 3640
3948 4112
973 1137
2150 3673
2468 2775
6609 6609
1137 3677
271 7232
1894 1901
3621 3660
107 2602
27 5906
3545 3545
749 753
224 4473
2891 6996
2562 2891
3703 3703
271 7037
68 2085
238 308
271 2425
5762 6011
271 7118
0 6395
990 4212
2621 4220
1607 3186
3986 4377
107 6444
1137 6236
2891 6092
834 1040
0 523
1108 3558
1137 2594
271 2861
1352 2019
888 3879
279 2202
2828 2828
785 7288
1421 5429
93 6179
697 1904
0 1343
1438 2122
3660 3660
0 2893
365 5618
997 2789
107 2140
335 611
2891 5182
1975 2614
2025 2025
143 3517
747 1533
2891 3670
81 6934
376 3820
1525 2235
697 697
272 2647
1137 2880
2891 5435
385 608
1011 2668
84 1370
0 5332
1872 4064
271 3041
1901 2024
643 718
783 6366
591 1137
365 3466
3904 3948
1140 1140
868 2123
783 5096
275 625
718 723
680 5053
1942 4168
2891 5792
365 1764
783 1359
783 6190
365 2380
107 3117
912 2451
1010 3766
2668 2811
591 710
1117 3333
1406 2173
1130 2975
385 808
3818 6548
0 3479
1529 6374
376 4452
365 7011
793 1343
279 455
996 1956
107 4950
3764 3822
564 1460
271 2912
2988 3421
271 5944
1137 6205
271 365
143 2474
1130 7227
1137 2575
21 5375
564 7097
1348 2824
3832 3881
379 3811
4146 4146
1942 4059
747 868
145 591
277 3595
1921 3841
271 539
0 1553
1137 1529
271 5193
792 1693
3832 4036
608 890
572 1897
365 5480
244 244
1137 2938
38 143
0 2547
1069 1108
116 116
912 1533
271 2998
609 2468
93 1909
1024 1035
6611 6611
3973 4352
1464 7196
1137 3040
747 1529
1137 1782
3845 4098
990 6611
1035 4384
1051 2451
379 955
271 1147
3621 3621
18 3469
797 903
61 271
271 5289
271 5393
271 2264
3066 3066
92 1635
271 5279
271 2391
1872 1901
4351 6614
2678 3889
914 6535
564 1056
2104 3118
272 4006
990 4242
1528 2304
357 358
2012 3973
1037 2022
764 913
138 626
1184 2260
890 2611
4386 5569
2474 2871
2298 2298
385 1942
811 2706
1352 1942
1137 1996
365 1220
365 2267
909 2135
1458 1492
15 2828
344 345
365 1165
385 2731
365 3109
895 895
2125 5456
608 2007
783 5845
0 5550
912 5996
0 2717
271 1591
7256 7256
1233 1233
2173 2474
107 3425
912 1544
3918 4464
2891 7439
2286 2961
832 4415
143 2286
2891 5303
2125 2220
6073 6073
905 5224
564 3131
20 81
826 827
1904 2024
168 279
1011 3918
238 3699
356 4802
1212 5595
143 3130
1397 1469
2510 2959
1528 5543
2891 7162
572 3883
271 2546
868 1492
5065 6407
1035 1969
2891 6358
903 6626
271 7284
1000 1048
4019 4019
1406 1567
1048 4412
378 1904
1695 4659
988 6622
271 5313
1872 4396
271 2420
238 2295
275 1745
988 1885
2772 3903
3792 3891
5392 6961
914 1942
2797 3843
3041 5811
5497 6423
2392 6936
1130 2224
271 5795
523 1544
396 523
381 1358
1137 2137
1901 4042
564 3700
2017 5741
93 6157
914 6800
808 4319
747 910
2891 3464
1011 6694
1137 1401
228 238
761 761
272 1322
271 614
271 1757
783 1901
4379 6728
272 4136
365 3040
1406 3166
272 1971
572 2037
2137 3634
2363 3521
1871 6728
365 3653
1137 2888
2614 4092
13 143
4421 6866
564 1792
1352 2755
2468 3832
405 509
912 2088
1335 3003
2085 2430
783 933
564 4539
1343 1693
272 865
271 1114
1984 1984
912 1383
365 1137
5714 5714
1547 7306
1032 2769
912 1024
4252 4305
70 2891
6561 6561
1100 7358
1137 2063
455 2988
1901 3793
783 6942
271 2424
36 36
787 1115
1137 5901
1970 2648
1137 2392
325 5059
3973 4104
81 331
5025 5025
1024 6809
1871 2622
1419 2417
1159 2891
947 947
272 4414
143 156
223 303
2676 3902
1602 1602
3152 3152
3802 3862
912 1901
116 2092
314 6312
7042 7042
497 636
785 5005
1022 3894
521 4194
271 6511
1011 6578
365 1547
365 3069
27 1325
572 618
743 5003
608 2056
572 1915
808 1871
2671 2729
957 4242
81 1792
228 309
745 6008
271 6147
4065 4065
135 135
700 3955
271 2228
2709 3799
783 6476
223 1981
279 632
572 3728
2155 2155
868 2478
445 2988
1901 4207
231 1137
3917 4370
2395 5699
2384 5577
3845 4099
122 228
271 314
1872 4292
1547 1547
271 2575
4086 4086
1035 4416
3350 3350
271 5388
365 7121
365 2293
277 5528
2846 2846
334 611
4308 4308
1884 2732
365 2928
1137 4694
5313 5313
271 3436
271 7040
1406 2412
0 60
285 1863
2675 5747
4305 4492
575 981
1130 6100
5025 5065
0 70
271 2911
5065 5906
1872 6651
1137 1884
271 1270
868 1130
1137 3461
365 1358
2044 6612
362 564
271 2889
308 365
271 1254
19 143
1137 1421
790 1137
358 7409
224 4011
2012 3749
271 599
1370 2474
608 1901
2627 4305
1212 3177
5039 5391
977 2031
1532 1532
365 2988
896 1946
5096 5096
365 2090
2125 3117
271 2043
2646 4252
1553 6483
629 4392
107 5714
1901 2696
1901 4305
30 357
1180 3621
271 325
574 2891
271 2594
2891 4984
271 7263
680 2439
40 7685
1008 2654
2891 6935
2882 2882
1035 4305
1099 1099
271 1526
2494 2494
4440 4525
630 809
783 5685
271 5999
583 583
271 2307
1137 1947
2392 5116
608 1004
2752 2752
741 914
365 523
2468 4903
912 5635
379 4389
1137 3564
2611 2611
365 1319
1137 6486
3801 3938
1035 3753
3187 3261
1469 1469
3010 3010
4936 4936
0 3130
230 230
868 914
365 7316
2891 5756
271 1742
1921 4093
272 4087
143 808
1213 2117
1472 2125
271 6233
93 271
377 6796
832 832
3720 4506
783 1118
4506 6797
2683 3793
2891 5385
5342 5342
4168 4533
743 4951
1259 3686
1137 1267
1090 5202
271 4917
747 749
271 312
868 1969
6753 6753
138 2125
1901 2722
271 5662
81 5274
1035 2039
271 2545
1343 2838
2891 5139
912 2492
1010 4039
376 376
1099 2474
0 2307
138 1954
271 2443
271 3500
1915 4305
4328 4328
1667 1727
608 777
365 7081
2474 3654
1024 1959
325 5682
1695 4660
36 2988
271 4343
356 3188
271 2419
143 1553
271 1538
2012 4089
2891 2929
912 1358
247 281
1438 1745
801 6692
1335 7182
271 5911
639 810
868 2665
1547 5617
365 6137
1901 3948
2804 2804
912 1201
2468 3566
1945 1945
859 2330
271 7481
1051 5643
1137 2545
4370 4372
365 4933
1137 2254
271 5768
2678 4246
2788 6633
5731 5906
4207 4416
271 1756
365 3035
272 1969
143 591
3747 7708
271 6260
1010 1010
271 5119
271 868
2392 5446
680 5265
0 1130
271 919
271 1093
912 1492
1901 1904
1137 1602
382 1901
271 4919
2696 4416
4260 4260
3707 4257
314 2902
859 6139
912 2526
890 4127
4127 4127
246 279
496 636
2891 7055
271 2570
572 3993
92 759
385 572
1959 3927
749 755
4344 4486
1006 2761
3985 6739
271 2360
385 1009
1901 3792
279 469
271 2423
888 4047
912 1319
2468 3240
1235 2468
0 6423
0 3406
1352 3780
365 1969
314 3145
1458 1458
2125 2896
1782 5440
1602 1692
1948 4219
143 2125
2343 6271
5306 5306
2453 2468
3736 3823
365 2244
1222 1693
5714 6464
0 5920
267 398
1212 6162
1897 4005
1352 3826
1013 3994
365 2232
1741 4338
793 5406
4148 4261
1137 1492
2402 2402
0 675
378 3877
2699 4260
700 3832
519 689
100 360
3597 6040
4328 4461
2891 5352
2891 3445
1137 4261
54 271
1959 2020
356 1690
912 3517
833 1137
1008 2737
365 6183
1541 1901
5906 6271
2114 4808
1160 1387
949 1137
2891 6235
271 7039
107 6306
70 365
365 2828
1872 4350
651 1045
1904 1975
2891 7336
107 1532
688 7074
271 2123
271 5987
47 1013
1137 3593
3517 6497
2706 3704
2412 2482
700 2009
3753 3958
271 2888
978 5499
700 2022
271 657
138 1942
3753 4305
2022 6643
271 598
1100 2497
387 392
272 2039
356 2468
272 4166
784 2510
601 3889
1177 1534
1137 1159
4473 4473
271 3574
365 5411
572 1899
146 160
761 3339
0 2545
4346 4346
7061 7110
0 7320
1137 7055
3166 3166
3792 4075
996 1043
238 3433
365 5900
224 6688
1564 2891
30 358
0 5161
915 2891
2804 4129
1137 2518
271 3564
379 956
914 4508
1035 1872
271 2593
0 7042
912 2474
572 790
385 385
40 7686
761 1107
0 4904
272 377
93 572
277 1901
1160 2476
379 1137
401 1241
1343 5313
4305 4523
271 5998
1981 6633
972 2690
1051 2084
271 1470
2392 6470
1038 1872
1137 6518
278 1038
1137 6173
1137 2280
271 2835
2706 5123
143 1464
138 624
271 1213
1670 3187
138 1548
0 6171
608 2545
0 7069
271 1397
2220 2220
143 257
312 2382
356 868
271 670
1544 1901
1483 1553
2358 2891
271 1186
0 1218
3950 4313
2891 6173
3186 3186
385 2733
3811 4322
332 1035
0 5811
2706 4186
1022 2801
72 6104
272 3995
2891 6971
2891 5055
787 5543
2320 5507
572 1971
271 6114
572 3864
1108 1137
2891 3457
1335 5583
54 5065
678 1764
2876 5530
868 2254
507 1872
846 846
1533 1533
749 4621
2637 3948
271 1961
377 624
271 5589
1137 7226
271 5661
81 5266
985 2797
890 4065
743 2169
1266 3178
2738 3832
2364 2891
1901 6861
0 2085
271 3499
0 3672
365 6486
344 682
1008 1872
2891 6367
912 2377
6 1551
271 2168
1321 1864
906 5906
1218 1218
523 2254
145 375
1390 1390
834 2297
523 833
365 3020
2678 4444
1137 6170
2324 7106
6622 6622
2317 2317
917 5049
1237 2468
1352 1872
3792 4200
2676 3778
3736 3792
271 685
2474 5102
747 1698
365 1178
3529 7625
143 833
1011 1878
326 5684
279 1861
996 4488
138 2254
0 1108
862 1942
1893 3934
4423 4423
1051 2891
228 316
289 1051
1901 2341
1343 2821
224 1901
2891 5466
365 365
1091 2891
912 3004
2516 5295
984 3832
1901 2991
2356 5352
3728 4142
365 2474
2049 2709
608 2692
1963 4046
2359 6099
2088 5006
0 2286
271 5472
20 584
2468 2786
85 271
972 972
365 1138
312 1160
868 1358
271 1054
169 279
238 5316
709 833
5848 5848
385 1008
1567 1567
912 3682
4417 5741
238 306
365 1444
6435 6435
564 1437
378 6723
1967 4301
3521 3597
7 150
775 1698
2903 2903
143 2440
2303 4918
1764 2234
747 1642
1137 2114
399 523
2102 3509
1108 2376
387 990
0 2976
1051 3415
1718 3374
75 5815
77 4319
1051 3736
0 5586
2717 2717
365 1544
1137 5106
909 2468
138 2224
0 1165
271 3158
1683 1683
2478 5433
1804 5906
758 6500
676 3521
1210 2392
5000 5000
30 143
813 4382
2137 5595
271 5036
2286 5260
747 1343
2468 2679
564 6252
783 6310
564 2891
0 949
2093 2380
0 7139
3474 3474
271 273
2891 6506
1991 1991
0 98
1918 1918
783 1464
271 5272
2705 3792
141 143
988 2046
272 275
379 4181
271 6924
912 1335
365 579
365 5084
1035 3958
2706 3926
143 5274
87 5906
1160 5549
608 1031
1352 3557
365 1352
564 3652
1571 2468
325 365
1132 2928
988 6814
2554 2706
365 3206
2773 4322
3792 4212
0 3140
5394 5394
6476 6476
1008 4322
0 2868
40 7676
314 7502
834 2668
1683 2706
1217 1693
561 1984
2712 4189
3237 4539
344 3724
2145 2891
2891 5395
1872 2646
93 5728
2044 4324
783 2573
1893 2717
100 564
3877 4305
314 2295
279 614
2637 3972
868 988
1872 2005
611 2669
272 1004
2095 2891
518 5728
2894 5033
5209 7005
271 1099
377 4251
238 262
572 3948
990 6705
1901 2772
2055 4141
1902 3792
365 2954
271 2495
2683 4322
645 718
2344 5731
143 2928
1108 1405
279 418
912 1740
507 870
912 2286
914 3774
912 5044
1186 2891
271 1469
4976 5065
914 1927
3839 6516
137 271
1901 2433
314 6461
890 2137
306 5443
864 4134
271 5856
271 1212
0 6170
4040 4262
138 1130
0 2919
1041 2637
3736 3803
3187 3259
912 5502
4148 4148
4086 4322
365 7334
2392 3565
138 1030
912 3273
271 687
1952 2022
745 745
3800 3918
1179 2085
316 2516
3004 3004
271 6231
93 3494
3832 4066
1771 2478
365 5344
2737 3882
1872 2621
0 4023
400 6044
271 6065
1160 1160
378 591
747 3220
1110 6077
365 6053
80 80
365 1401
5305 5305
868 2439
6055 6055
1959 4131
2035 7633
644 718
4092 5391
1901 4416
1189 2439
760 3220
271 3498
312 5530
107 7156
2110 3509
271 2521
1004 1901
365 1058
1901 3760
912 5084
761 4612
33 143
3029 5392
747 1051
379 4339
1961 4008
572 4372
2891 3398
81 2081
2654 4077
1942 3728
957 6799
2286 2382
77 1930
143 940
518 2742
2392 6940
2468 4968
2137 2891
107 5209
764 1640
4077 4175
0 568
107 7469
2494 5289
993 993
1959 2622
565 1043
2678 4244
366 366
365 5612
2752 5499
314 3559
1212 1357
2891 5745
2254 2386
2392 2559
308 308
3861 3861
764 2812
3339 3339
1872 6838
2688 5499
365 2150
1388 4461
377 6546
1492 5207
0 1079
5374 5374
66 6253
1011 2701
116 564
2172 2468
3273 3330
2891 6267
4023 4083
1901 4164
271 5592
356 1667
143 1358
372 615
40 5815
302 354
385 3864
365 5817
1782 6976
271 5471
1008 2742
1901 4979
575 808
2891 3309
0 3618
718 733
608 4149
0 2150
1067 2129
1352 2512
271 7133
6306 6306
6355 7398
271 2358
331 2468
271 5342
365 6978
279 474
81 2143
2844 3565
2106 2106
271 2186
3792 5168
4024 4234
976 4100
915 915
271 7443
5342 5928
1469 2863
1019 2991
3918 4019
485 636
72 3053
1130 1137
1137 1259
1130 3565
75 610
81 2299
611 4319
0 4342
138 143
3065 3065
138 863
909 4998
271 1758
271 5167
385 2775
2430 2430
891 4100
365 3066
1637 1641
1472 2085
365 5381
271 5253
1900 4187
2476 3437
895 6653
808 1872
2474 4979
26 1135
1553 7091
1916 5741
4226 4226
990 4346
680 1137
365 3584
834 4106
610 1343
1901 1944
314 5549
2888 2888
3866 4325
2063 4104
271 3038
3973 4382
93 5028
913 913
718 1981
271 3665
1901 2008
0 2395
591 591
3235 3235
3881 3881
271 272
868 2871
271 3473
2668 4410
365 5731
271 2464
1081 1274
1031 1942
326 3645
3876 5499
107 4930
2392 2476
271 2213
3608 3608
749 1502
2007 2137
1137 3410
2079 2224
888 2468
1210 1422
4365 4365
564 5542
2054 2054
365 2706
912 1245
523 1553
262 3145
363 1235
116 868
314 316
6524 6524
764 1685
4242 4242
695 1884
382 6761
1137 2235
271 1183
3832 3868
271 596
1986 4469
279 1829
5731 5964
1942 2008
572 591
365 2125
1881 1919
377 895
272 1921
107 1430
1137 1350
1137 4100
3095 6184
1872 3723
1070 1318
783 3463
138 344
2286 7100
143 1764
376 4039
591 615
7633 7651
519 868
2012 6516
236 365
2472 5747
3878 4193
1006 1942
365 2413
2577 2577
3333 4612
610 610
1492 1901
1008 2758
2392 3166
2903 7197
365 905
957 6600
2626 3832
923 6626
939 939
912 5068
143 1115
271 2304
6539 6539
3813 4370
857 1669
2392 7008
1051 3572
271 2145
138 1541
787 2823
1137 3567
402 5728
271 5855
143 914
107 5238
1101 3607
2088 2933
3187 3260
3517 5460
685 779
365 1218
2304 6304
143 1969
138 1027
1024 4523
1067 6126
81 1351
1874 2771
0 1240
2080 2468
4209 4209
788 1370
53 912
868 1137
1108 1901
572 3866
1900 2691
1335 5585
5073 5393
3977 4193
988 3860
1010 6655
2030 2030
322 325
2479 2891
0 236
377 4504
783 6339
2614 2722
1352 2815
1585 1585
300 718
1212 3634
1033 1033
783 4988
2459 2459
271 3497
271 7281
1885 2618
749 761
0 4969
912 6223
271 3401
2455 2455
1137 5998
912 6212
365 3853
5329 5329
833 912
998 4229
271 2327
912 7106
271 1487
2341 6366
223 4305
1782 6968
159 169
1774 1774
1051 6099
271 2954
2706 3747
864 3984
783 5460
107 7455
0 6157
2365 2891
957 1902
271 764
271 5883
385 1872
2729 2729
1035 3728
138 568
2216 2216
223 233
2392 5733
834 1916
1208 2474
666 1782
3768 3768
680 1466
3950 3950
4386 4386
4100 4514
3374 6226
165 279
40 7675
1160 1247
559 2212
1621 1635
5393 6210
2476 2476
4096 4098
912 5889
980 980
2700 2752
1900 2790
4198 4344
4200 4416
0 890
378 4532
2085 3043
271 3638
1137 1791
1137 5497
2468 5710
399 6117
1668 3187
2382 2382
2891 3130
271 5470
377 4312
3513 3596
680 793
2891 6417
868 1352
3882 3882
1872 2816
1872 2024
868 1550
269 2085
546 5906
1130 2145
81 840
34 271
93 3845
365 5185
2891 3060
271 6059
1137 5903
2891 6164
2392 2907
365 574
4013 4013
271 7011
1893 2774
1921 3988
143 1383
138 601
1008 3818
2748 2748
378 1008
372 893
272 4396
2648 2648
2125 7279
1130 5499
4377 4446
3138 5778
272 4301
957 3885
277 1489
2891 5795
93 6184
1942 4038
539 3001
4044 5569
764 3076
5391 7117
3748 4022
3218 5257
3408 3408
377 6822
272 1982
365 3065
271 578
1024 1215
564 793
1551 3053
271 6291
2474 7200
1010 6536
1424 5559
523 568
272 3921
3684 3684
3950 4440
1335 2246
1137 2903
67 5375
2786 2786
4904 4904
783 5202
923 2649
3 5815
1031 2665
238 3389
1882 1882
271 3664
107 2468
1252 1779
2104 5783
1062 1063
957 2627
279 1376
1897 2753
271 271
1179 3095
143 331
365 7119
529 2468
155 409
2476 5211
2436 2476
2047 6840
800 903
912 6253
1872 1944
2739 4261
1704 2474
417 2988
2125 7038
4141 5569
890 1942
2891 6051
564 5078
138 680
5691 7275
2758 2758
659 2907
1335 6924
138 591
1008 3866
572 2029
81 1551
2777 3729
271 1251
1904 4038
868 1904
3768 3973
1130 3638
1921 2468
59 912
68 331
272 2038
608 1904
5748 5748
1614 3250
1352 4575
2104 2480
0 5496
2389 5608
3792 4350
271 5087
3333 3339
2554 2554
0 1137
764 3339
988 4380
2891 5393
365 924
2309 5352
5065 7020
0 5317
985 2041
2012 2012
271 2993
271 5063
2697 2748
2286 5329
995 4321
1900 2737
6509 6509
912 1138
4098 4099
271 3691
271 1241
564 6281
3517 3517
1901 4322
2012 2624
990 6613
2263 2468
572 3950
2022 4073
3509 7012
1008 2759
271 275
2114 5579
40 7681
2678 4136
81 5529
385 981
912 2372
1008 4157
1035 2692
1010 3921
138 1268
271 1525
2125 6107
271 2303
783 868
846 3693
314 7178
16 5906
271 2933
1961 6605
572 1003
764 2468
271 1464
54 5906
271 1211
1160 3426
1101 3608
1404 1635
365 2264
365 7335
4095 4095
1007 3880
2709 2722
1900 4037
2772 6661
1873 2751
2476 5997
5053 5053
1872 3889
584 1170
2636 2643
3978 5094
271 5112
0 2607
271 907
553 718
2055 6637
747 3219
271 6352
331 3290
2019 4210
1130 6382
1901 4142
1048 2748
372 591
4148 4258
868 2333
2779 3832
988 4020
365 1114
271 2234
271 5445
4307 6700
2081 5906
55 2988
5550 5550
312 313
5065 5171
957 6577
1896 2804
365 1656
1821 1822
143 5496
1975 1988
1028 2022
564 2248
783 3907
77 4382
2705 4308
2963 7284
1352 3778
77 1928
1137 2332
1166 1947
764 1137
1019 6627
271 5790
2000 4519
625 4422
120 121
912 5541
41 5045
143 271
1210 1210
271 1815
1024 4460
3747 3747
116 1550
3877 3877
761 764
271 6477
365 3140
0 1560
1223 4726
747 1492
1352 3891
793 912
1872 2784
599 1137
365 5284
2876 3001
108 2517
365 3652
1137 2891
564 6435
1221 5906
1095 5065
3866 4288
888 6700
1201 2498
521 3754
1900 4426
2474 3001
3719 3719
1012 1012
633 1137
2043 2703
1335 1335
993 1901
583 1130
2700 3900
2468 2694
0 143
1137 5829
783 2320
3973 6623
1901 2816
365 5703
912 3420
365 2286
2056 6696
271 2238
694 4319
1137 4348
1090 1115
688 3499
1693 2468
271 2202
2611 2709
81 5816
1942 1988
1343 1461
1148 2085
907 4986
2683 4227
5547 5547
1051 3545
271 5936
404 523
2758 2795
2114 5923
1544 2294
271 785
4348 4348
700 2041
1893 1960
5375 5572
3708 4417
1804 3069
1352 1901
0 2979
885 2022
1137 2237
2614 3855
385 1987
257 2988
5265 5265
381 1901
808 4113
271 5187
76 2988
365 712
2891 4657
272 1893
970 5499
271 6290
288 611
271 891
4086 4305
895 6690
143 747
747 3231
1235 3250
2642 4236
1352 3007
381 2468
905 905
2088 2575
365 2608
996 1047
356 4759
912 2125
1942 2689
2 81
0 5263
2699 4430
236 1137
2614 2665
365 5855
279 855
6131 6131
1035 1909
1050 1050
2891 4989
3509 5791
257 912
105 747
0 6974
3218 3218
0 785
957 2703
1081 2614
365 2826
279 447
1137 3409
1942 3792
3858 3858
2811 4305
1067 2250
988 1942
1904 4301
271 2906
365 576
1942 3891
1067 6460
271 5967
1137 3596
365 5000
868 1738
107 7422
2468 3613
747 2474
407 1058
747 1618
200 279
376 2682
365 2263
2303 6498
2645 3947
359 1137
1160 3174
304 304
271 6345
3792 6556
1100 2414
1137 5084
1998 4188
2891 6975
1051 7187
2822 4153
2272 2304
0 5752
558 718
3041 5188
93 1137
3876 3913
107 6119
2891 5608
1871 4386
749 764
2063 3792
377 1921
1137 1635
783 2218
1746 2891
2363 2363
591 617
5006 5006
6933 6933
1061 1137
279 1825
358 5559
2085 2380
377 4323
1406 1464
6076 6076
6137 6137
143 1236
1035 1883
2614 3004
138 138
3763 4209
270 564
40 7682
5496 5496
4322 6651
410 1826
18 145
271 2493
1782 3549
1872 1982
93 5435
1791 1791
1059 2085
369 1137
279 416
1782 3673
32 143
1343 2551
271 5903
401 523
777 1901
365 519
1343 1405
69 825
107 1812
3737 3848
1872 4395
2872 5438
3187 3199
272 4365
93 382
572 572
625 4384
2474 2891
5756 5756
3187 3258
40 1137
1160 2118
69 107
3780 4081
868 912
81 1137
399 694
896 1352
272 2068
542 1203
2891 5664
331 2043
2876 2876
271 5218
2137 7478
868 1138
1137 5392
244 365
564 3330
912 1553
564 591
358 400
2894 4922
271 5007
4283 4283
718 4319
138 272
365 868
121 365
783 6333
834 4008
5517 5758
1012 3712
844 1591
2891 7159
1872 3949
1591 3196
680 2581
271 1112
2088 2298
1147 1147
1235 4680
2056 6781
752 752
1901 2813
1274 5386
868 2474
271 2439
912 2407
365 2518
912 5210
2769 3711
93 3727
777 1919
2655 3792
238 5839
271 5336
356 3199
1335 2960
138 4192
785 6977
957 4212
143 1529
134 279
313 2382
365 1108
358 5209
2809 2809
1183 1268
2007 6522
868 2730
399 543
120 120
271 5881
1259 1779
572 2655
344 995
271 7399
138 1081
833 7144
5332 7229
1602 2145
747 835
0 2357
2392 3681
622 808
1160 1799
60 60
1013 3798
271 6255
2044 4353
0 1112
3152 5746
4343 4344
145 747
365 2151
5723 5723
271 3118
2244 2244
1137 1692
697 2755
1490 3389
2109 2109
224 1215
572 3749
1137 3152
295 562
2088 2517
2468 2648
392 6603
2114 2581
377 4260
145 868
858 958
224 6546
2043 2630
2160 2506
1553 2254
1900 1951
1051 2498
81 3131
138 785
641 4319
0 3114
365 2288
985 2652
84 1585
518 789
107 7133
6417 7006
846 918
331 1035
1147 2089
365 680
3513 5156
1944 4305
365 6998
1137 2240
365 2903
81 5815
1901 3898
2468 4198
365 2789
3509 7013
2435 2468
1137 3684
1035 4096
271 5935
271 7435
673 909
382 6562
143 2437
783 5434
1902 4200
912 5580
801 3705
383 2510
238 1269
745 841
1388 4040
138 564
1462 1825
655 655
1382 1729
1137 1257
5049 5049
810 4515
2676 4092
1008 1033
834 1942
1335 3647
1872 2474
385 4189
4183 4183
2132 2132
365 3060
583 2238
785 868
572 1921
575 2027
381 2125
418 2988
1872 2696
764 764
4040 6811
749 1653
1745 2880
365 2085
114 3856
1015 2658
2386 2433
0 2457
271 2008
365 1425
1756 2254
2276 2276
2286 7255
1921 4333
572 3720
833 2891
271 3035
1562 2056
66 271
377 2067
1010 1888
1901 2013
379 1901
912 3545
402 1075
356 1672
107 3682
912 1397
1010 2051
1035 1908
2891 6488
1553 2468
93 143
271 7163
113 279
0 6973
271 7158
358 4930
0 27
971 3832
271 2385
1022 1022
1008 4168
1068 2125
1163 1346
795 1072
271 384
279 446
107 519
2137 7084
2928 5699
815 5499
564 2254
1137 6306
378 2545
2286 2837
572 1008
595 907
2056 4127
271 5966
2891 3626
0 46
271 5848
271 1339
1024 6513
365 747
1901 2474
1137 2089
700 2026
1024 1942
783 3108
271 1796
1187 5906
1137 2232
372 808
0 1325
0 5899
273 3319
1406 3844
48 912
641 982
138 912
642 1130
2828 6220
365 5407
271 5085
697 1137
378 3904
923 2025
636 854
408 523
523 564
523 1352
2125 6426
2891 3494
2784 4416
0 955
868 2132
365 5899
271 4962
591 618
365 6105
912 1137
365 5882
942 5094
583 4917
1819 1822
712 2104
914 4490
2387 5690
1901 2762
0 3665
0 85
564 1541
0 2373
2891 6931
271 3396
365 1051
2392 5230
279 294
2706 3886
1872 1923
1462 6228
271 2301
1008 4437
107 7292
3324 3324
859 3389
379 4382
1901 2043
764 1621
3421 3421
143 912
584 6141
1130 2559
271 2729
107 5242
2125 5852
1764 6236
1137 2774
5906 7074
272 4095
93 2468
409 1070
2063 2063
1243 5491
365 3025
1312 2891
5811 5811
277 2474
4491 5499
1137 5391
1137 1343
271 3114
271 905
271 6202
912 5857
783 2456
2145 2962
0 7296
801 2694
747 774
6807 6807
2614 2614
1541 2903
834 1545
936 5506
910 4319
697 6595
681 1698
2852 5084
998 3788
993 5499
271 659
271 1104
271 1410
271 2438
2662 2706
271 2232
2085 2559
3915 3915
1004 1904
783 5611
707 1901
1942 2067
366 3978
2286 2286
912 1352
0 1777
958 2468
107 564
3009 5543
382 6659
2476 3559
1106 2510
365 6170
312 2533
2397 2397
2478 2891
912 2838
143 2516
77 77
992 6842
568 1137
1031 4014
1887 2618
271 3452
93 1346
5391 6293
0 3156
399 544
730 940
912 1192
819 5065
365 1140
1137 1445
365 4925
762 1648
1082 3240
23 81
845 1137
779 1130
584 1254
385 2054
913 2145
1900 4063
2896 2896
912 925
325 2516
2468 3849
2709 2812
143 606
356 2545
1811 1942
1137 1192
2173 5060
2545 2891
288 744
1137 1324
523 1335
3845 6659
3732 3732
2474 3273
912 3613
365 1420
507 2050
355 355
3517 6051
1388 4283
584 2231
271 3636
143 3004
747 1268
107 2395
365 1093
2891 4292
2891 3179
365 2370
6032 6032
1140 3041
2809 3812
868 1547
385 1015
19 6373
252 252
1441 4706
1137 3416
988 6528
551 734
564 1436
1930 1941
912 7039
0 3408
575 2762
1137 6216
1872 4518
271 2974
2545 2545
1359 2088
271 5706
154 2516
1137 1425
356 912
2194 2988
1352 3521
365 1260
576 1544
1553 4305
0 2885
0 2991
608 1883
236 1901
1201 2474
5352 5758
0 5825
1335 3646
356 857
2891 5612
271 4544
271 576
272 2818
412 1984
1683 1685
1335 1548
93 7387
1137 1358
0 5394
1891 3779
107 3466
2468 2891
797 4085
0 2456
1032 1032
2173 2392
365 3492
271 4936
7033 7465
3014 5906
3707 4305
1877 4348
4433 6611
271 833
3989 3989
1035 1981
2145 3186
2759 2759
2474 3542
2891 7031
271 2589
107 7102
135 5538
233 271
271 7157
0 26
2903 4904
1051 2222
1726 3187
912 2343
2902 2902
785 2024
0 6352
2478 2614
271 6945
564 2255
1411 2323
3798 3798
1137 6305
3779 3889
1988 2013
1343 2447
5581 6171
2052 2814
1998 3718
993 1048
271 2976
747 769
783 5313
2784 3792
107 3008
859 2295
1008 3748
1274 1274
2893 2893
271 1180
1008 1048
271 1739
238 6461
2104 3330
363 582
910 2468
107 271
925 2474
2769 2769
785 912
271 5189
835 1610
572 2053
54 365
402 3073
2704 3736
272 1925
271 5084
2443 2891
575 1904
1797 5242
6586 6586
365 2108
2891 7316
2783 2783
236 279
2468 7095
271 5061
272 3794
912 5817
890 890
1901 2056
1137 1812
2780 3785
373 2988
912 5703
3252 4583
2468 5579
272 975
2015 4416
1040 4341
365 2322
81 6626
365 1113
783 2150
40 7684
2474 7318
1130 2089
1011 4246
996 2021
2710 6542
2545 4965
81 3290
2664 5499
856 1051
912 7100
2058 2058
365 5001
271 6975
1108 2235
3832 3840
1093 5065
888 3868
138 628
4305 6703
1547 3453
1553 3168
717 1981
120 2125
1779 1779
377 2699
3187 3256
271 1155
572 2692
0 3630
66 6133
241 868
1693 4711
1348 2419
2088 5296
2733 3999
40 7690
367 2988
3520 5237
912 2238
5731 6071
2836 2836
651 3981
257 2891
377 6784
2563 2563
1137 1480
2585 2585
868 1135
271 6109
365 7128
1872 2614
760 760
4469 4473
2384 2389
564 675
868 2437
377 4208
293 293
1013 2820
1239 2828
271 1110
0 5133
2104 7442
271 3607
35 5815
365 1130
1901 3186
2341 7377
3707 4494
4168 4330
1872 4186
2891 6362
138 698
365 1693
651 1020
271 5334
2891 6197
2118 2118
271 6978
271 2085
2387 2392
77 1933
271 1425
143 241
958 3832
7 81
777 2019
1382 1382
2474 2836
947 1108
1137 2526
1323 2474
1008 4098
919 2478
271 680
3420 5336
5001 5001
0 3010
1160 1748
277 1137
2433 2891
1544 2891
5731 6008
271 572
1888 2618
355 1008
821 912
3947 4048
2222 2222
622 3815
3051 5905
1871 4527
272 3871
1008 6651
1325 2891
2891 3517
2392 2969
281 506
487 636
1901 2988
1137 5600
271 6101
1051 5042
1010 1966
1901 2007
868 2088
271 825
365 2472
372 618
1137 3004
1437 1901
1061 1108
3822 3822
7055 7055
676 1357
365 7210
578 2891
138 2988
912 6372
271 2563
564 5980
271 7226
2280 4808
2177 5413
138 1352
271 3518
271 7129
1160 2600
272 349
2891 6240
2012 3720
1679 1693
868 2891
2619 2706
271 7033
1160 2436
271 5338
1672 3187
379 379
996 1968
0 1883
271 1553
1048 3743
81 352
272 272
271 2088
1587 2145
291 1984
1137 6215
271 2973
271 1445
1901 3953
84 1591
271 1335
107 143
2852 3178
3426 3426
271 1383
1804 1804
365 1271
271 783
5063 5063
1438 1438
1022 3857
1942 4042
1008 4112
0 539
957 3805
46 2891
2299 5816
564 5461
1130 1901
1893 2623
1335 3649
0 1544
758 1635
1568 2408
868 1081
4461 6875
3068 3068
568 725
279 500
2051 2667
1137 2648
156 4319
2125 5948
0 5393
2007 2702
764 1641
564 850
747 1397
271 5166
3778 3778
5499 5499
1395 2107
808 3720
365 1267
2891 7359
1030 3781
2845 2845
115 2928
261 868
1901 4201
271 794
813 4305
1379 1379
356 1670
349 1035
365 2409
379 1989
365 5741
271 5499
1035 1892
1901 2742
271 5381
1008 2615
990 4376
271 7156
0 25
0 783
66 3421
1872 4452
1600 4590
344 4422
271 933
279 450
914 1872
107 2826
1246 2384
648 718
783 2699
365 586
2776 4153
120 1137
1137 2165
271 1337
225 2988
5341 5341
2891 5966
0 3647
3241 4636
358 1185
365 4902
747 1621
1108 1591
271 3720
116 1549
868 1901
1022 3832
0 3152
1027 1027
73 2891
3832 3858
2334 2334
1264 1670
3565 5391
133 133
2468 3772
886 4319
365 3141
2444 2891
378 6552
572 2056
0 5486
365 3004
1160 3119
6513 6513
1872 3811
529 4341
764 3350
271 3085
1351 1792
93 2438
365 2107
523 1358
2891 6331
521 523
2891 4040
377 4494
143 1268
769 788
238 3426
523 2614
365 1382
4040 6605
3776 6678
0 5237
2359 2392
0 2468
2652 4396
3131 5815
1011 3779
271 5181
271 2535
0 4944
672 2392
143 1235
2091 5816
0 2121
1764 2891
5819 5819
971 971
279 292
1551 6954
801 801
2557 5568
1547 5386
783 5635
2437 2614
241 271
54 7168
564 7256
591 783
271 4305
680 1901
507 808
564 5569
909 3138
1893 4292
1108 5798
138 2286
271 937
271 2433
2614 4286
1764 2082
1051 7292
271 6471
1137 6326
693 718
584 5901
1553 3438
4170 4261
2056 4507
1137 3832
624 914
3805 3845
1918 4322
575 1984
985 3759
912 2224
5394 7454
1137 1479
365 1507
2612 3783
81 5205
3185 3290
1137 3386
694 694
0 1093
564 6122
657 1137
273 1652
2891 3386
238 827
1764 5919
271 3120
2891 3474
1137 1797
1745 3610
81 1188
6656 6656
988 4055
2809 4040
2891 7169
271 3606
783 1469
1359 1359
3794 3980
1553 5042
148 1551
2085 3404
0 5025
834 909
1160 2533
1036 1036
271 3422
365 1056
271 5333
2773 2773
400 523
990 4508
622 4352
566 2891
955 2816
0 1782
271 6977
271 2084
77 1932
30 2085
271 1319
1130 3414
912 5662
2137 2893
1099 3235
1947 4301
4322 4322
4453 4453
84 913
2468 3433
3250 4711
3788 5499
271 1812
271 7294
2676 4072
6150 6150
624 1008
376 2765
2474 4895
785 5263
957 4266
566 566
377 4423
2123 5260
271 6138
747 3449
271 5029
271 917
4148 6551
2063 3749
747 2125
912 1883
914 4266
272 3732
272 507
3852 3852
2737 2737
868 1343
271 824
143 1352
797 3822
1553 2374
990 6600
2880 2880
513 523
2056 5747
4940 4940
608 677
271 3447
2891 3079
271 5379
1008 2699
0 4918
891 6709
868 1544
2678 3746
1335 5237
2891 6988
2082 3452
868 1397
1906 6100
271 5337
5818 5818
1624 4598
4040 4167
1235 2474
279 329
0 6304
271 1444
792 4586
1357 5683
271 1334
2827 2846
775 775
728 7364
1872 2225
2740 2740
365 1270
1137 6434
145 523
0 6012
1352 1904
116 2107
377 2756
1656 1659
1137 1260
385 1991
2700 3910
2891 5690
1185 3490
564 889
271 5566
1900 3997
608 1881
1893 2624
1335 3648
2474 6217
271 5185
2468 2771
1006 4095
271 6286
1683 2468
764 767
2384 5024
382 2059
271 890
331 347
271 6166
1137 4040
529 4163
92 4626
760 1659
1430 1430
0 276
365 3487
138 747
0 7375
783 3389
1635 3210
2891 3427
93 1981
5131 5906
3851 3851
718 719
1872 3966
1901 6651
379 2799
1352 2667
72 2134
1901 4286
2085 2407
356 1669
4207 4227
601 814
4132 4320
365 2320
3745 3745
985 1023
238 365
1872 4535
4930 6059
1901 4168
890 3916
783 4969
1200 3004
1872 4453
2891 6215
783 2868
912 2341
2024 4305
1137 4598
120 5906
2809 4461
3852 5499
1248 1693
4159 4159
86 936
2891 6031
1782 5275
2030 3866
2007 6580
271 1462
747 1024
1130 3463
138 1553
1137 2579
2468 3218
3918 3992
1693 4739
1904 3720
523 1137
0 5896
1048 1048
1024 4504
271 1556
2227 2227
3290 4564
365 3001
0 5719
3282 4519
365 5334
1057 1177
5876 5876
271 6318
365 3617
93 2610
2474 4042
272 3840
957 4152
233 4319
783 3461
271 855
747 785
735 1981
758 3218
1130 1567
747 1325
2963 6299
365 2446
1901 2689
868 1268
1792 2891
654 4466
405 523
68 81
5699 5906
1464 1464
3210 3211
912 2468
2692 4291
2024 6750
912 988
608 4194
564 5689
271 7180
2088 3409
0 2
1981 3475
252 271
1539 1539
3453 3453
46 2088
271 7081
138 271
365 2043
2575 2891
968 1933
914 1904
1782 5369
2777 2777
777 1904
1137 3618
143 2235
2891 5928
4389 4389
138 627
764 1618
365 7434
3850 4469
572 575
1137 4940
271 1154
2286 2444
271 667
271 1797
6460 6460
2678 2719
1693 4709
1600 1600
271 6470
641 4061
242 327
4288 4288
363 3301
2757 3832
138 1010
271 1741
12 81
651 2660
1921 4430
2650 2650
314 5003
1344 5608
1137 5460
608 2013
1925 4232
144 2395
2891 5575
365 5338
110 143
3768 3815
896 1872
365 3644
4119 4119
1883 1883
365 1466
1137 5305
1942 2991
1252 1338
37 271
2618 6675
1872 4009
1698 3218
4207 4288
271 3630
58 2891
608 2673
1872 3946
1108 1325
365 1792
271 1108
1160 6312
271 2538
271 3605
1130 5776
865 3952
2966 3991
1921 6688
572 4322
224 2659
777 2474
958 1942
2105 5296
3001 5881
2748 3792
271 5332
271 2412
1009 2023
834 6794
783 5655
81 357
143 953
2506 7001
4040 4146
572 980
1100 3059
365 6171
77 1931
46 271
271 2164
1319 1319
3273 4569
2827 2827
271 2851
1901 2100
2218 5572
1914 1914
325 2285
1108 3693
2742 2742
1209 5848
3811 4406
509 509
81 940
2719 2719
143 2407
3803 3803
834 1926
0 1210
5205 5906
271 7375
2809 3982
1764 4226
1006 2678
6299 6299
1894 1894
2058 2468
711 832
564 598
1871 2468
147 5815
598 5906
271 3657
1901 2005
2707 4533
365 1815
2377 2451
365 2468
783 2293
1562 1901
365 2371
568 912
747 3130
365 1134
601 4535
271 1067
0 833
2891 6973
271 2460
138 1358
63 912
103 2459
271 7128
230 3854
783 2891
1105 1105
271 3425
271 7031
2085 2437
4246 4246
2699 3953
1942 3772
827 827
991 2737
385 6539
223 1137
2144 2144
3752 3752
572 967
271 7005
36 7211
1019 6683
0 6303
147 610
271 1443
583 2896
107 7437
0 1359
93 365
2232 2341
1406 2234
1236 2085
2104 6150
1183 1183
2742 4509
590 1192
2670 3720
1406 3013
1656 1656
30 81
3517 5515
1137 1379
2137 6079
272 4183
988 4188
609 808
2007 4524
271 1561
2068 2668
608 1972
2303 6055
285 423
1218 3014
1137 1335
4120 4120
1090 3009
271 6285
1811 1972
365 3684
1894 4305
0 3930
81 610
762 3218
747 2224
271 6171
271 2031
271 5055
271 847
3975 4377
6423 6423
2468 4657
572 777
1149 1192
271 4956
590 912
271 3659
138 224
358 7227
2 143
143 6026
0 257
2145 3187
271 5497
271 1138
2890 2891
365 2319
1901 2756
0 3684
1312 3593
6132 6202
2891 3512
1421 2468
271 2254
271 5265
1335 5253
996 2025
233 233
4903 4903
859 3559
783 5664
2654 2808
2468 4189
81 808
1431 3593
279 449
2147 2891
1051 6979
577 2828
747 1130
3241 3330
2891 6032
2043 6582
271 1501
271 2115
1081 1901
2468 4313
365 2700
138 6521
271 1461
271 5846
783 3156
138 1137
116 2144
241 6032
893 1901
271 5733
135 1129
2286 6374
6051 6051
365 1213
3736 3851
272 1352
2123 5194
377 4160
390 718
998 2765
238 2957
1067 6109
252 1211
4141 4316
1921 4423
271 529
2019 2019
680 2614
271 5210
2024 2024
1078 2238
93 6471
365 5333
564 5257
912 3589
1895 4181
923 2022
2664 2664
54 2336
1969 4038
1312 1312
271 4979
857 3187
365 2109
0 1051
1157 1172
66 365
236 281
2104 2432
2299 2299
1872 4059
868 2450
1901 2053
365 2445
912 1135
0 943
868 1264
1130 1815
5489 5489
271 3582
912 2478
958 6718
365 2323
1130 2846
138 1881
271 2608
2914 5906
1137 7217
271 5411
3517 4940
912 985
912 6295
2891 5070
1177 1591
271 5299
1237 2891
3944 5499
66 81
507 877
1130 6028
377 3850
365 2841
271 2320
236 523
1782 5370
271 5900
928 1137
5 302
2474 5808
564 715
107 108
2377 3565
754 910
2694 2694
271 1207
3043 3043
365 777
279 2215
271 7394
271 5759
708 1004
1539 2468
365 1216
271 1193
363 3300
271 7348
868 2391
1159 3041
1024 4418
271 1743
314 3437
272 1811
365 5337
5967 5967
2711 4040
233 2668
365 3640
1010 6689
271 3110
1872 2613
0 2608
783 7433
888 888
271 519
2845 2891
5303 5303
358 5301
133 3001
747 762
1424 2392
749 3333
365 3454
1137 3083
2891 5188
912 2079
235 565
579 2437
1163 1693
714 714
1009 1015
2693 6821
358 358
958 2014
271 5680
608 1811
271 2558
0 3653
271 3747
3067 3067
2891 5036
912 2402
1335 2894
2795 3748
365 6399
3595 3595
271 5331
145 365
596 2545
26 271
271 2324
1343 2479
1154 5065
783 7243
785 6029
100 635
0 591
77 1938
143 2237
4209 5741
1235 2226
4401 4402
6574 6574
2468 3947
3010 6029
2809 4331
271 7477
1137 2530
241 936
271 7079
1137 2263
2678 4274
0 1335
955 956
701 3880
783 904
728 5504
1051 1788
2891 5618
1405 1405
1137 1553
6271 6271
271 6366
302 1942
1151 2891
783 3621
912 3186
890 4442
2512 5429
6998 6998
271 2317
3872 5177
365 1479
783 5752
564 2993
1571 3269
2445 2966
385 599
271 1481
271 5027
2529 2529
1153 2088
5899 5899
1901 6526
1901 1918
365 5967
331 349
271 5613
1041 1357
107 365
2084 3593
271 5492
914 4449
912 1051
716 718
2043 6573
992 4130
365 1133
958 1901
1035 2821
1008 2708
0 2474
565 963
1872 2043
905 2088
1011 4394
4469 6622
2063 2468
4013 4283
7296 7296
1499 1499
651 961
1319 5547
238 319
990 4531
2516 6296
352 1792
992 1871
2891 6171
271 4890
729 1984
2341 5306
2005 3756
1137 1893
576 1768
4759 4759
0 6295
680 3018
1110 4968
1137 6119
1096 2510
271 7493
783 5333
2094 5543
2043 4015
2891 7210
4661 4661
5391 7095
365 2227
564 3523
912 5341
1137 2748
138 629
1900 4090
523 680
2547 2547
1811 1872
659 2125
377 6806
572 615
1524 1764
272 1872
271 5078
378 3883
1704 3235
271 6164
868 3509
1012 3791
1357 4107
2407 3693
2565 2891
2125 2254
1137 6976
2022 2468
81 145
914 4295
66 3614
279 684
1010 1889
1901 2676
1135 2468
1901 4292
271 5644
2699 3922
2890 2890
1745 2748
785 2875
1421 6287
2891 6496
1886 2017
271 3466
2928 6271
365 1099
2409 5662
917 917
1035 4321
365 1090
365 7037
2468 4100
279 428
1135 1901
868 2827
271 5363
2137 5077
87 2085
1383 2392
279 443
3872 4466
1137 1959
1618 1618
2618 3941
365 587
2559 2559
271 2114
783 5372
143 1024
625 1322
271 7207
2891 7110
1635 1635
764 1693
1137 6429
4125 4469
1902 1902
2891 5860
4322 4372
563 565
271 1792
107 1335
271 6438
2562 2562
975 3726
2085 2268
400 1130
625 1977
1921 4424
156 868
1901 2235
279 1828
2991 4521
5218 7393
3832 4045
912 5967
271 3083
3496 3621
564 4940
365 915
366 1137
4040 6699
2891 7243
1764 5341
271 3060
1972 2019
1006 2012
405 1084
233 1872
272 979
0 849
385 864
0 2397
1137 1169
0 2324
1872 4201
2392 3159
3041 3453
2169 2169
0 80
564 1186
1067 2614
584 5569
271 5298
1137 6038
0 6426
3910 3910
272 331
271 2407
271 1532
1370 1370
2117 2474
398 574
2891 6205
3732 4395
787 1090
5080 5731
271 5899
591 785
1008 1008
2104 7088
358 6384
1490 3313
2249 5815
271 5992
568 568
107 107
365 5020
271 7473
1100 1100
3879 6100
143 2085
2627 6611
1901 3707
912 2692
1137 2266
271 5758
1261 1694
5579 5579
1431 1779
1041 1959
107 5464
365 1160
365 3621
379 4086
277 7030
2254 2836
2392 2452
120 714
365 3024
354 4382
1011 4101
272 625
138 833
381 1406
143 564
747 761
271 4111
2510 5024
4141 6530
0 2358
1160 2876
783 5252
608 1768
988 4059
224 6552
1406 2891
1745 1745
868 2286
2107 2827
1024 4046
271 5556
4338 6685
271 2455
700 1022
996 2782
1901 4519
912 6217
2286 5686
271 5330
2478 5053
2693 5569
895 4125
293 4319
271 358
747 1138
377 3860
2700 3975
271 2323
3613 3613
107 1138
271 2083
680 1236
1438 3074
347 1904
912 2836
1901 3946
3517 5305
1137 1591
349 1008
107 1207
1901 4038
271 1229
1024 1901
0 6028
4201 5391
1137 2529
564 5364
1382 1698
271 1169
365 7481
143 3693
365 5604
0 4322
271 6497
591 893
267 526
2392 2557
2678 2811
1818 1822
3330 3330
5333 5548
5094 6402
81 2516
2007 4193
365 1335
2036 2036
260 1600
749 910
271 6135
912 5883
2107 2931
377 6581
138 257
868 2235
1137 7011
957 4531
1901 1998
868 2085
1764 2342
3739 3739
365 795
385 1904
401 5089
90 1137
271 3464
2797 2797
1079 5571
40 7689
1871 3961
105 764
839 1683
912 2433
1529 1901
4342 4344
381 2836
3174 3174
676 676
1406 5779
378 4191
3802 4305
1370 3324
912 7158
1137 3418
365 5180
271 7107
365 6320
564 1434
1981 6678
1 2125
2255 2255
0 519
107 7441
272 4402
572 2808
2150 5354
365 2502
365 1268
6949 6949
783 5334
4305 6528
584 1361
2891 7112
365 5652
365 1257
0 1319
272 2773
1792 1792
2891 5592
783 3068
2890 3517
1108 2614
2891 6349
5123 5123
611 4109
572 1881
2668 3710
272 2678
1881 3728
2205 2988
271 887
2022 2022
2618 6555
769 3334
143 1335
272 3798
2468 3836
2891 5342
0 868
4461 4461
382 2301
1901 2683
107 907
1904 1988
271 5643
1137 5472
1137 4185
3034 3435
3870 4030
365 5762
271 1137
2618 2706
365 5439
2891 6497
3837 4013
591 2780
143 2836
1571 1591
1137 5719
365 2307
2891 6949
4469 6756
1343 1774
145 1137
2731 6585
143 1065
1942 2024
1160 2172
572 4193
337 611
2474 2547
909 3177
279 442
2891 6119
365 591
223 4319
2392 6479
2392 5081
365 584
2022 2625
912 7197
659 5143
1130 2468
3900 5177
1110 4908
1553 5770
2384 3550
2891 5949
365 2180
1925 1925
4041 5499
1872 1942
271 1791
5906 6404
2043 3994
279 453
6728 6728
988 4318
2638 3952
1008 1035
93 6309
1357 2965
365 1155
3736 4308
58 5205
568 2891
93 2260
1081 5714
2468 3203
81 2468
2608 2614
271 6316
1881 2019
2058 4046
2545 2845
990 6764
2783 4023
568 778
769 1652
912 5848
365 3600
651 671
271 2321
1782 7190
564 5038
5392 5392
747 783
365 2545
868 2451
0 2377
1901 3130
1942 2722
358 2232
955 6620
2085 5796
293 4382
3035 5280
3333 4545
1137 7256
0 7187
1350 2392
912 3474
271 5526
1008 2689
3607 3607
718 738
271 2607
584 2141
40 7687
1798 2988
271 2514
597 2384
143 1492
365 6366
1553 1901
271 5297
507 875
2478 5031
81 369
1011 4155
912 5063
2630 3792
6497 6497
2655 2670
2392 5102
2380 2380
747 758
365 5027
608 988
365 6123
1137 6183
1024 6658
100 822
564 7026
0 564
523 2474
1544 2333
2775 2775
365 7341
0 2851
0 3137
271 1192
909 912
93 5239
0 393
589 2216
1878 1896
0 7211
1944 1944
3490 3490
1029 1906
1553 2397
958 2749
1919 1919
1260 1260
138 304
107 5731
378 3802
271 3011
5391 7454
813 4319
572 3772
4470 6757
1137 3081
107 868
1137 6949
365 5795
5092 5352
1959 4035
138 697
365 7217
1942 4322
1024 3926
365 5643
381 1553
568 868
912 1777
3333 5274
1942 2742
868 1533
365 6394
3973 3973
0 1904
999 1006
271 4241
1499 2426
271 2322
3613 3614
1901 3866
1872 2668
271 2951
312 4544
564 5597
3811 3811
325 2382
604 1172
2772 6812
6117 6117
764 1642
1352 4046
1893 1893
1137 1237
365 4320
378 6561
909 2137
138 572
783 891
2451 2451
1553 3273
955 955
271 1811
271 7291
1900 3989
2828 3065
272 4155
958 3974
5238 5238
1011 1872
624 1024
365 727
868 1695
271 2706
271 6390
2911 5428
0 2665
2751 2793
564 5194
143 610
524 789
2044 2474
271 7270
231 2988
272 3880
365 3576
1137 2873
2137 6162
2891 7362
272 3776
4055 4055
5391 5391
93 5872
1901 4194
868 1008
272 1035
365 2477
2891 7283
68 1816
4196 5499
5303 5392
1901 4186
271 5611
1335 3025
2606 4919
797 960
271 5197
271 3463
1008 4319
0 93
1008 1947
584 2086
1008 4227
1406 2333
238 5868
5000 6286
84 356
1008 1908
730 2085
1188 5906
2665 2665
0 6981
1693 2474
114 808
1981 6666
580 629
1901 3891
0 680
2969 2969
224 572
271 2343
2912 2912
1067 2227
0 697
651 4319
81 2936
815 815
4093 4305
5732 5906
833 835
1192 2408
753 753
888 3923
132 145
399 511
990 1927
3187 3296
271 1243
3801 4001
385 700
344 1008
6143 6143
2674 3720
365 1259
370 1137
0 6357
2012 6545
0 2988
1137 5197
297 718
271 6500
912 6133
403 523
271 523
783 3069
271 6676
107 5421
365 1553
1551 5906
1872 2689
1370 4722
1137 5344
331 344
143 754
2700 4268
3871 3949
1040 4462
591 1038
2074 2780
2699 4351
981 2002
2891 5242
124 2988
365 1782
891 4463
1212 7478
912 1081
579 3689
0 2343
1547 6240
1366 1782
331 1529
1900 1962
1529 1942
2478 3059
783 2089
383 1172
2678 4087
1492 3542
84 1607
77 1085
608 2100
279 426
518 523
3792 3811
135 1344
890 1872
2474 3427
4257 4257
271 1566
2085 3453
783 1198
2873 2873
365 583
912 2872
1875 1904
375 1798
18 81
3722 5499
376 6655
1600 4723
1137 6500
572 1437
1768 1768
2468 3074
1137 2090
4385 5569
1553 3330
107 7443
572 1038
271 6436
897 2022
988 4323
2356 6305
143 523
302 4319
3542 3542
271 6339
6 72
833 2110
271 712
271 6219
572 2785
1883 1981
365 5330
1921 4450
365 3613
271 5001
365 2106
1219 3509
912 1529
803 2618
81 156
6707 6752
272 3796
572 3804
4193 4193
868 2125
1137 6952
2891 5819
271 4023
1346 1759
2468 2706
976 4463
1327 5020
1087 2749
1006 1904
2063 3938
1892 4305
5024 5608
912 3472
1035 2759
5344 5344
365 2339
272 385
1137 3227
40 7688
2088 2255
365 2963
271 2513
351 611
1033 4322
143 379
305 2085
1011 4244
2468 4107
507 874
7001 7001
1872 1918
1137 2012
1799 2468
15 1050
924 2478
365 5137
1237 1355
914 1901
281 2197
1199 2425
107 1165
1478 2392
2100 6714
3483 3565
610 868
1051 3695
2180 6286
783 5285
1137 6496
5996 5996
1108 5919
4389 6514
145 257
365 7337
271 1822
81 953
1104 1105
998 2618
4416 6799
608 794
72 148
1241 1241
3900 3900
523 3517
3235 3329
1690 3375
1893 2678
0 1469
912 2251
572 630
314 2436
2036 2709
81 6383
2468 3275
1051 2835
2104 2307
5953 5953
2380 6149
3832 4174
401 3481
365 1464
697 1166
107 2307
697 4391
365 3544
564 5061
747 767
1051 5063
769 769
2614 2709
6943 6943
70 272
0 5116
4262 4262
2617 5499
2172 2172
1137 7156
2110 2110
1652 3220
2891 3613
2091 2091
517 531
1872 2067
365 6505
1024 3797
1192 1407
107 5480
365 1060
365 1068
4268 5499
365 7061
365 2872
261 783
747 1137
712 4927
273 4722
376 6574
365 3720
912 2933
107 1137
3865 3930
1044 4311
1137 2336
957 1981
259 611
271 5812
1921 3946
2145 2474
389 718
622 3973
3568 5802
1871 2012
271 1168
6252 6489
107 7205
807 2615
2007 4416
1871 1904
2828 3066
271 2165
1923 1942
2319 5660
997 997
1211 1869
764 3220
1012 2647
1777 2891
365 1529
2142 3557
3792 4497
0 1122
1137 1325
1137 2398
0 61
1137 2872
584 7396
2392 3535
271 1999
365 1422
107 2293
2173 2365
2114 6288
747 1335
2413 2894
2891 7281
1137 3059
2636 3726
2903 3568
3108 3108
990 6577
1093 1093
655 1137
1738 1738
834 3724
1235 3253
522 523
101 150
1764 5635
2502 7165
1008 2066
1018 4066
783 2321
1921 1942
103 2404
365 5723
40 7691
365 2284
2919 5546
271 2457
271 5038
271 7148
1901 4450
5713 5816
2439 2614
1871 2664
2744 4045
2888 2891
2891 4940
912 2334
914 1981
271 5359
271 2276
979 1904
890 3752
519 2891
887 1984
1051 2132
564 5502
224 3870
272 4535
74 5815
564 2286
