7716 6158
564 5621
5731 5731
1942 2474
833 834
2816 2816
1234 1693
747 1664
783 5336
2286 6393
365 2238
1438 1486
0 2903
2707 5747
223 223
143 145
840 2260
747 2433
909 909
1137 1165
279 498
271 584
1635 1901
272 1871
0 2531
912 3029
564 4956
271 5162
1872 3707
783 2602
1352 2777
783 2244
3290 4564
912 1130
2468 2629
271 3681
271 5641
358 3573
1901 5783
271 3576
1137 1738
3436 3436
279 1137
378 1986
40 7671
808 2468
1469 1553
2891 6412
572 4305
2436 2468
331 2516
1059 1059
1965 2070
868 1236
680 868
279 432
2891 6226
783 1405
2304 4918
279 440
2891 6132
1782 3436
314 3174
498 7636
608 4442
365 585
785 6190
93 743
271 5959
2614 3517
271 1459
906 2125
271 7215
764 1688
1600 1696
308 2516
271 6435
314 2118
1051 3728
381 3517
1871 1871
833 2109
525 526
611 679
271 6218
70 747
271 1746
2891 5475
2152 5816
680 2891
365 2105
988 4191
641 1985
281 502
762 764
271 3057
2474 3034
890 4168
2286 3408
44 143
115 5906
0 2123
271 3487
1130 5812
622 622
83 2988
0 4
2863 6421
1274 1464
271 6969
1137 6252
1008 1011
93 769
1137 6181
1564 2891
271 5872
3001 5530
7098 7098
1274 2891
2891 6267
1904 4060
0 1268
6935 6935
3792 4168
1390 2563
3074 3074
145 2891
271 3309
572 624
400 5374
783 5857
399 1607
2737 3886
957 2545
365 920
6638 6638
1081 1137
1380 1792
1011 2715
747 766
1264 1490
365 1797
70 271
72 1137
1352 2722
1533 2392
1008 2715
216 279
1235 4829
1695 4658
365 2871
238 327
81 2152
988 1901
107 2852
3727 4099
93 5071
0 3441
5342 5342
2516 5437
908 5906
801 1871
271 1782
1961 6811
895 4509
712 5815
365 2220
1001 1984
912 2254
5391 7231
138 382
572 1904
1893 2793
912 914
3096 3096
1137 5351
2125 5456
271 6157
394 1137
93 1872
764 1502
365 2478
376 804
110 1782
912 2100
143 2988
7 1792
2891 7121
5084 5938
378 2545
1492 6261
1421 3687
40 7692
271 1778
1130 2891
68 143
271 2248
5118 5608
1044 2377
365 1006
398 523
365 1600
365 6994
564 1395
279 459
1693 1693
572 912
912 1325
508 2988
0 6299
143 2254
2891 6076
2125 2903
783 2320
1137 5043
833 833
1137 6123
107 138
1137 2510
1137 2244
230 377
143 5224
622 4082
988 2891
81 115
517 519
832 4219
279 497
2880 3152
572 1871
3478 3478
0 5747
143 3237
271 1635
271 5161
980 3918
0 5303
272 608
143 785
377 6513
3290 4661
377 6656
356 1736
2180 2180
81 2914
0 102
2891 7194
1137 5812
1274 3573
1884 2706
40 7672
761 1117
625 1035
131 2395
3529 5543
1110 2441
279 431
1137 5949
1235 4710
912 6153
5719 5719
2891 3663
792 4549
71 81
93 2891
752 910
383 2510
1137 6498
747 1641
747 913
1137 2478
1815 1815
510 2891
1693 2891
783 6067
271 6434
271 7342
5190 7040
1901 2225
833 2108
579 1137
365 5332
365 1981
761 3334
1580 2468
747 3210
2104 3665
365 912
1137 7044
647 718
0 2254
2700 2891
912 1149
1562 1942
0 5119
2891 6458
2891 5151
3001 3001
271 5407
271 4461
143 5816
272 808
516 526
566 6927
507 873
3597 3597
1160 2162
365 599
271 1480
896 4135
523 2125
271 1422
1087 1662
1051 1901
93 1339
893 1942
1352 4040
3187 3189
1395 1395
2468 3683
6202 6202
271 5755
271 1151
156 4382
0 6060
1080 1137
377 2742
271 7455
2114 3187
138 1012
523 2286
0 5876
833 2112
1010 4350
2088 7148
1872 2709
651 782
1893 2891
4950 4950
271 5021
314 2330
271 785
572 3736
271 3010
281 505
180 920
2017 4289
5391 6933
1436 2891
712 712
1163 4582
0 3649
615 808
2474 5459
271 7124
749 750
365 2966
81 5496
236 591
827 2476
238 326
143 1547
271 2338
143 1397
753 3210
93 788
331 2306
49 1228
133 2516
365 1343
1177 1392
1137 1450
792 4708
271 678
0 3632
81 5045
1825 7362
267 523
912 3218
2007 2694
4401 6730
365 5372
2699 6609
271 5238
271 6277
230 1024
1736 3187
1650 3218
2891 3593
550 718
1348 2304
365 1079
857 3241
34 81
1901 1921
919 919
272 1038
877 2050
5045 6153
81 279
2104 5545
2665 2891
271 5489
1035 4305
2891 3116
271 1063
365 2279
3973 4319
1137 6078
143 1051
0 6995
1942 4519
271 5357
0 6463
93 642
1352 1352
1035 4060
271 6934
3764 3832
271 5953
680 747
241 365
748 910
970 5499
394 5906
783 5330
2891 5888
1901 3720
277 365
0 1533
1223 4661
2363 2363
302 1901
138 868
271 1766
272 2012
271 6391
257 591
2392 3696
6141 6995
516 2661
1110 3683
377 1901
2891 5422
3703 3703
64 576
1051 1193
859 6312
747 2100
868 2145
407 709
271 3680
2137 2242
1011 3742
2377 2474
2063 3973
1900 4319
0 138
271 1135
1777 2614
4146 4146
81 1981
138 145
859 3683
1942 1944
271 2478
2307 2468
0 2125
379 6562
116 1130
365 7033
3066 3066
580 611
1252 3593
271 2293
1137 1961
2114 2837
107 6466
104 1667
118 118
257 2197
1591 1687
2699 2699
747 1640
1528 1528
747 912
5714 5714
66 6148
681 2145
271 6433
29 1121
402 523
1011 2068
2 81
0 4305
833 2107
271 5205
271 6217
382 3845
1811 1901
584 5756
1325 2614
21 783
365 5331
1099 2891
70 2891
1885 4395
761 3333
912 1541
281 504
2516 5443
271 3621
0 241
4506 6797
1904 2007
1137 5871
1343 2891
1986 1986
868 2343
1942 4301
783 5018
1927 1927
365 2334
344 1892
6171 6171
271 2220
5731 5960
365 7156
143 5815
271 2510
3904 3904
0 3597
1130 2151
641 4382
273 4620
618 618
507 872
1130 2341
1011 2545
783 5573
0 596
1137 2341
1402 5020
119 912
271 1421
2135 2137
271 2138
610 2299
1137 2286
1901 2088
1553 7161
1137 6476
868 2988
271 1406
3968 4207
271 5754
990 4116
0 2828
365 1229
868 1981
1239 1551
3509 7393
271 7367
116 3144
1652 3219
833 2111
1137 5464
1218 1218
46 1099
783 3548
2891 3600
5094 5137
271 1994
2911 3118
516 521
271 2243
2125 5606
107 3599
2114 5139
859 3170
912 1430
785 2891
650 692
564 5992
0 3648
801 2966
1008 2717
5137 5137
6312 6312
271 2224
749 751
2263 5094
833 5347
143 1088
919 3154
2344 5731
4344 4348
279 279
4040 4262
138 1335
2392 5165
365 564
365 6149
1137 1138
1670 3240
613 868
1137 2125
764 1652
747 988
143 868
279 2211
143 2343
783 890
7205 7205
381 680
385 2675
31 145
1527 2382
564 5134
2891 7488
271 568
2392 2476
1652 1652
1006 1137
2891 5547
1872 2682
2085 2665
2508 2891
690 718
271 5022
2678 6694
3714 4013
0 2478
81 1351
271 3652
2114 2235
3187 4728
272 895
791 1397
257 3692
365 576
1008 2706
271 2475
601 4444
271 2376
912 7165
868 2884
1406 2430
279 457
4040 4040
271 6072
2448 5078
365 942
407 523
591 1981
5553 5553
911 1137
599 599
564 1904
783 5331
224 4125
1602 1698
783 868
2108 2108
81 6185
3520 7181
0 246
5393 7294
101 564
747 5783
2828 5320
783 3065
331 2988
311 314
3728 3859
365 5394
139 145
365 2177
2933 2933
764 775
1556 1556
1861 2988
1192 3143
0 7439
314 5536
1942 2225
4040 6679
7061 7169
385 3801
1121 2988
3187 4672
135 1137
1137 5575
1013 4346
1370 4781
1382 2872
2891 5239
3683 3683
564 747
271 3574
365 5758
2891 3154
47 2007
1108 2343
2891 6943
271 3386
1177 1575
1031 1901
718 732
279 430
1901 4252
1268 2341
279 445
271 1564
2341 6044
3009 5543
591 747
2137 3138
6310 7384
271 1133
365 4989
1901 4099
5905 5905
1745 4945
365 728
271 7435
143 155
271 2692
331 1904
0 2882
271 7341
11 2988
1137 2700
833 2106
81 100
0 1492
2699 6561
680 934
0 2596
0 271
1011 3953
331 332
272 572
143 568
1900 4382
2125 5329
1044 1942
271 4975
81 5375
2468 2717
2614 2614
1998 6608
271 1104
1006 1901
238 271
390 548
1051 1137
912 1811
2891 7026
1235 4790
833 5303
1235 4739
241 241
271 6013
331 910
278 304
4353 4353
1553 7091
1441 2468
486 636
271 2137
271 5986
1352 1981
747 1777
3187 3187
755 910
2891 5818
783 2963
5906 6271
81 394
3584 3584
895 1872
1137 2474
2384 5118
783 5932
1901 5094
365 2832
2363 7115
2468 3926
2468 3186
1335 2395
2654 4175
747 1404
1137 1319
519 523
1669 1669
1137 1616
783 7342
1961 6638
302 608
93 912
365 2359
271 7216
378 892
2334 2334
1008 1998
1035 1944
868 1553
271 2223
3568 3568
1335 2891
564 5529
271 3415
2125 6274
2125 5186
1113 1137
238 325
1008 1352
1635 4662
1901 3883
3031 5282
912 1635
10 5906
2387 2387
0 6233
890 1893
365 5063
4575 4575
1137 3537
4721 4721
271 779
2463 2891
3509 5283
726 1137
523 1406
709 709
271 1779
236 636
1984 2468
1624 4598
2444 2891
378 378
783 5791
745 746
225 279
1137 5438
120 143
40 2337
365 2172
575 2039
833 3063
1872 2683
228 307
678 678
2602 2602
143 2088
240 2988
1243 5701
279 637
356 1137
2928 4970
143 5906
377 2054
1804 3588
2010 2729
3187 4759
143 1181
1137 5819
145 271
2253 2863
912 2437
271 2474
143 1050
4040 4329
143 1138
279 456
271 1561
1163 1163
2007 2114
912 2665
378 1035
584 6223
912 1235
5617 5617
730 944
1893 4350
1352 2033
1008 3707
2888 3517
1091 1091
2510 5891
230 379
859 5894
859 2891
5281 5327
271 6331
2852 2852
271 519
1243 2335
783 3066
572 611
1113 2891
365 5393
1235 2226
271 5071
608 2067
890 4442
3707 6581
572 1881
7095 7095
143 783
0 1547
1352 3026
354 4319
551 987
0 988
1664 3357
3235 4725
414 2891
795 2891
1506 3170
365 5871
271 3573
365 2321
238 1137
1137 5816
2341 2891
32 584
766 1630
138 4319
279 559
3041 3453
279 421
3506 4945
1901 3707
271 939
3404 3404
47 1591
279 444
5393 5393
912 1343
2516 3645
912 2891
1887 4350
1228 2476
608 1044
271 5866
4319 4382
1635 1650
272 6578
572 2717
271 7434
388 392
2468 3792
1161 1251
605 4469
365 1469
833 2105
636 661
1803 2392
81 99
0 1147
365 3014
103 2161
1343 2551
783 5764
0 365
2114 5190
1137 2929
509 1199
365 6036
271 4898
287 2474
1137 3116
3926 3926
0 599
0 912
0 939
2891 5218
107 5996
271 3596
1211 1456
0 5063
2963 2963
278 1984
1116 1541
271 1091
158 279
19 5816
107 7181
1343 4142
618 620
271 2176
2880 5746
143 1108
2891 6211
768 910
2678 4408
5372 5372
2125 2827
271 1312
135 1129
591 2125
1466 1466
271 747
3187 3188
783 4377
112 2269
99 107
1137 1455
271 1165
1745 2216
1650 1650
271 1805
2150 5369
18 5274
271 6463
654 3986
325 2600
5953 5953
272 2052
608 1942
331 623
365 3029
271 564
1652 3220
314 4951
365 5464
410 5928
851 2197
271 5125
523 1343
1352 2668
3227 3227
117 281
1044 1901
747 1624
2699 6753
868 2468
1580 4641
2341 2614
747 1352
2474 3144
2891 7201
683 2392
0 3646
1388 1388
1137 5756
3517 6949
1942 4416
271 2222
1343 1901
143 1087
1008 1918
747 2836
81 2988
4968 4968
279 477
271 2432
1872 1885
271 2177
2392 7030
238 5536
909 2239
792 792
581 1108
85 85
2336 2336
1618 3218
1137 1137
2678 4506
3517 3600
143 988
0 6114
868 1815
3926 4392
3509 5282
25 4355
279 2210
143 2341
410 3692
2891 5706
81 1137
377 2816
107 3154
272 1995
783 5792
70 783
271 567
365 5392
365 1541
2286 7088
1942 2100
1893 3948
3714 4040
0 5421
752 1659
912 1565
244 2392
3177 3177
107 3494
0 7360
2137 2137
783 2264
1054 1054
783 2386
107 912
93 868
5107 5906
1490 1670
868 2554
1035 4519
271 5486
1137 5818
591 676
2663 3749
2382 2468
10 81
572 808
2006 3973
271 5374
271 1081
7394 7394
143 1201
2891 6952
650 718
646 718
2043 2474
0 107
271 1142
2451 3527
271 4382
402 2475
1544 3509
271 6933
912 7054
365 568
2043 4466
3727 3845
143 2468
1901 4095
331 5906
271 2872
1100 2125
599 3998
279 2201
895 2991
1137 2514
138 1035
2235 2235
365 2837
138 962
1137 1383
365 5547
1130 1921
143 1901
2125 2474
271 709
1130 5063
1050 2828
539 1137
985 3703
2088 5070
764 769
1624 1630
74 145
365 2094
668 3792
917 6974
0 1406
1054 2082
1229 2068
815 1871
745 5731
2510 5015
999 3993
1352 2795
224 629
912 7043
135 3550
1079 1137
1135 2474
281 1864
365 2397
912 1406
1901 2654
1137 5815
2991 3719
912 1067
896 3723
0 79
766 1635
410 1864
2891 6410
5094 5834
4166 4252
868 1235
0 747
1099 1706
1201 2498
358 912
70 356
610 2091
279 435
271 1358
2005 3727
2510 3569
1577 2468
3574 5391
107 120
747 775
1137 3584
1607 3310
400 5038
6648 6648
1137 2563
271 2899
1782 5440
365 764
378 1942
3034 3167
1026 1900
1130 1130
2678 2678
783 912
1782 2829
3437 5839
912 3282
912 5764
1024 2891
833 2104
46 46
2085 3333
608 1024
24 5815
271 6309
957 4332
3167 5548
608 6750
981 2468
2891 7306
378 4501
365 5798
5333 5333
1777 1777
271 2526
1904 2742
988 1137
762 5257
365 2333
988 4011
0 3660
93 7163
2382 3489
1130 1324
66 5020
909 5995
2891 7170
419 2988
507 883
271 1529
3753 6599
890 2793
1092 1438
107 7394
331 5274
72 3120
138 1108
1051 3665
1048 2545
262 1160
1234 1234
1764 4519
2100 2699
1274 5386
832 2022
6028 6028
813 813
1137 1397
81 5065
1893 2641
608 834
572 2007
378 4077
138 1406
2172 2468
1133 2309
314 2441
3517 5756
1422 5904
912 2407
523 524
2891 3127
1343 3010
1137 1683
17 2193
2225 2772
365 2577
783 2468
138 783
5652 5652
272 3746
356 4721
783 5259
3537 3537
1137 5515
365 2463
143 1782
2928 5106
987 3792
988 1035
783 5002
271 2449
1901 2891
2071 3765
271 2244
365 1635
271 5434
1011 4410
949 2891
629 3873
271 3413
12 12
0 3578
133 238
1927 2641
3420 3420
271 6994
177 279
1008 1811
54 54
271 2962
6600 6600
697 1942
551 718
2161 2404
365 1251
1106 3675
5710 5710
232 271
271 7310
868 5705
834 1901
277 1135
2404 5906
107 5445
365 5391
2395 5496
143 595
6932 6932
279 1359
2286 2891
365 3675
1872 2668
1201 1201
753 1663
781 1900
12 5906
3290 3290
325 1053
0 290
957 1352
69 1401
365 2596
2033 3721
2084 2084
379 571
912 5783
4014 4305
365 846
366 1961
271 1130
1585 2468
868 2306
40 7693
271 2472
2350 3144
2573 5393
314 5997
0 6444
2647 2647
79 271
331 4319
988 6658
271 5354
143 1137
2891 6137
12 584
24 143
271 6932
2778 3769
2468 5168
2392 5092
1923 2717
868 1782
1616 4711
277 564
0 5935
271 7335
1137 1193
1003 5741
2324 5860
552 718
1529 1529
271 6412
153 2988
81 1070
1067 3483
2212 2988
29 1211
271 3073
365 5281
56 2988
377 6514
582 3300
0 2373
365 1776
377 4259
2468 5748
365 3398
1652 3357
3929 6514
40 7677
4252 4252
2088 2269
785 1901
1137 3474
2759 3719
507 4441
1901 3727
2063 3768
1670 1670
271 381
279 434
1942 5094
313 5530
107 7001
783 1197
572 2474
1137 3670
572 1035
579 579
1622 3227
1187 2304
138 1544
868 3004
1133 2478
2889 3517
1352 1777
599 1011
271 7433
70 70
365 2272
3300 4545
2891 6464
0 2874
365 5550
66 5906
1352 1727
1801 2891
3753 4416
1624 1656
68 3093
1745 2891
107 2246
2085 2891
2719 3771
271 3700
143 1086
1942 4305
1130 7465
517 523
293 2748
2091 5816
1782 5547
271 2506
1335 2874
279 285
1942 2056
2557 5552
833 2468
2474 3449
1163 3252
68 912
81 6080
0 1739
988 4500
868 2614
936 5906
2478 3096
2392 2392
143 236
1101 2427
905 1137
1137 1453
868 1635
154 1110
365 1227
1904 3753
0 2772
365 5472
564 912
890 1137
2618 6730
314 3433
93 279
271 1600
93 3575
2510 3092
271 914
4096 4099
0 1397
1406 1772
988 988
868 1024
0 1011
138 236
101 2891
523 783
0 2577
2468 4725
1942 4142
747 1358
0 145
88 2891
365 1744
676 5094
572 834
1745 3151
0 3577
328 2516
1130 6022
1663 3333
1877 4343
868 2692
564 2145
2341 5916
1137 6135
1051 5613
1406 6055
2891 5986
747 1650
2891 5792
2468 3670
271 1777
279 2209
1108 2468
0 2891
783 6979
747 1553
3118 3118
743 4910
2891 7439
272 3915
2510 2959
174 279
655 2891
271 839
783 2266
1942 2678
107 2376
242 328
365 777
2085 2394
272 967
81 786
912 1108
910 1663
686 3499
912 6390
2239 2242
271 5372
271 5759
14 5906
325 539
271 5461
271 2372
1004 1942
1553 2614
271 3440
339 625
564 2468
271 2286
271 6931
551 736
1137 2385
1003 1003
783 1739
1137 1406
0 6316
886 4382
564 5620
3217 3350
747 1659
6753 6753
7 7
49 2468
2125 5690
1335 3578
1212 2891
909 2545
245 281
272 4043
2468 3240
1693 3250
81 1122
2476 3433
4013 6874
378 2742
3290 3333
365 5280
126 1211
1782 6329
365 3593
572 3915
1764 2474
271 5045
572 2100
996 1037
673 5932
333 611
60 279
1782 6137
2468 5747
2468 2737
0 2318
917 5002
3517 6252
1406 2138
2264 7038
40 7678
2618 2803
1268 1901
0 2143
1872 2012
2891 6313
271 1474
1901 2341
812 2052
379 4382
2665 3565
1900 3755
1149 1568
2321 2321
84 84
271 1259
0 1312
1137 2219
365 5553
17 257
1942 2013
2891 3617
909 1394
889 1893
0 362
0 5392
2104 2176
890 4416
272 575
2891 3398
238 4910
565 1043
271 3617
271 1944
1901 2699
669 1591
2722 2722
2891 3309
2474 3138
365 2428
365 7167
859 5684
3596 5540
107 498
2668 4410
868 1541
2891 2988
3144 3144
68 868
2468 5123
1165 2891
81 795
379 4319
636 1860
1406 2478
381 785
281 286
86 241
277 868
2102 2104
2022 4156
1137 2155
143 2437
764 1901
1234 1235
651 4382
271 1403
4 957
988 4259
1137 1396
564 868
955 3792
15 81
2238 7170
271 6460
145 591
2474 5168
1137 1177
834 2682
358 2951
2700 4466
1872 2816
2889 2889
271 6241
1137 3720
228 6364
1137 2974
271 3218
365 5354
142 143
1352 1630
1137 2903
912 2988
568 747
0 5112
4969 4969
356 356
365 1406
365 2562
1406 5165
2682 2682
1407 1568
365 5938
271 5600
66 7054
271 4013
371 371
365 785
2828 5110
271 3597
4582 4586
3389 3389
257 365
0 2088
40 610
271 7120
0 105
143 1085
912 1419
271 3412
365 6412
365 1591
228 2516
365 2890
143 1544
143 2665
2894 6347
1137 2387
271 2334
365 2384
271 7436
810 4515
1137 3613
890 1768
365 2254
1130 3703
397 410
1100 1130
279 2208
2145 2589
618 808
271 6488
0 5621
1388 3895
2089 2089
2837 2891
2145 2821
381 2286
832 4181
1154 5065
825 2155
2891 3074
271 5152
564 1153
783 1137
2654 6609
0 1054
1335 3647
568 1901
271 5042
1137 5678
279 948
378 608
797 1137
3891 3891
5394 6249
2413 2413
259 834
365 2385
372 572
1035 1904
494 636
599 2891
1048 1901
3986 5499
3728 4469
365 6423
271 5308
93 7201
365 7118
1600 4604
564 1225
271 7044
271 5352
2107 6034
2891 6135
271 1560
783 1791
1011 1011
271 2099
271 5025
386 718
2057 2618
1051 3632
0 1358
2529 5342
3593 5049
868 1777
314 2169
0 6022
599 955
701 3720
103 271
271 6426
1335 3577
0 3003
271 6328
19 610
764 764
271 2468
523 526
257 1137
1800 2437
1526 3593
281 664
1624 1639
868 1108
2474 3227
909 2297
81 1184
572 3918
600 974
783 3457
1904 1942
376 3941
93 1901
1635 3220
1653 1718
2137 2239
1406 2562
138 1942
17 2988
783 1556
271 277
2468 2476
40 7679
868 5168
365 2301
1872 2013
1602 3312
4040 4249
868 1406
887 2027
912 1346
279 433
1782 3441
813 1904
3801 6623
745 912
5020 6148
81 1380
271 2824
488 636
143 3573
138 523
1137 4950
572 2678
1562 2056
5997 5997
120 912
143 821
93 2385
680 2240
0 2872
1777 2474
572 2067
272 2748
1137 6933
0 3158
0 5391
2891 5391
2891 3474
3241 3241
2474 5499
25 5816
350 5906
747 748
281 559
1137 1804
54 6320
1137 5547
2096 5731
80 2891
2903 5566
4545 4708
868 2341
271 3593
1035 2742
4322 6609
1008 2012
3187 3262
2647 2777
249 279
336 611
1176 1177
1008 1896
5662 5662
2891 6385
84 1652
905 5678
1031 1872
507 881
783 5641
868 1591
1130 2318
564 5489
271 6962
271 5916
6464 6464
93 2838
890 1901
409 523
889 2891
313 314
271 2845
2828 2891
747 2545
14 271
1745 2122
0 1201
2618 4359
1881 2991
756 910
1652 3217
2991 6599
2891 5553
271 6122
3946 4305
272 3889
2891 5460
271 5018
143 1325
2668 2678
1259 5096
912 2186
1791 5391
409 1318
45 81
1067 2882
365 833
1137 7217
0 5006
751 910
1130 5742
271 5573
276 2392
1950 1984
749 756
1942 2974
0 104
1059 2125
1130 2919
868 1529
271 5347
572 2029
236 2891
681 2468
381 1335
365 5156
912 6197
1901 2372
2082 2082
279 479
2614 3565
697 1901
762 1635
94 2988
143 261
81 2306
608 1872
0 5585
271 6382
0 1499
365 7324
1177 1569
271 5151
749 1663
331 341
1006 1035
1130 5201
107 2286
1568 5906
868 2224
2623 4292
1067 5390
624 2007
24 116
564 1480
1035 2991
93 138
572 810
271 1078
1137 6055
1767 2117
764 868
0 45
1137 5959
671 2622
81 3237
1695 4601
271 5948
271 1272
608 3389
912 1233
1137 2318
2875 2875
6651 6651
2150 5913
2085 3573
1217 1235
491 636
381 783
2293 3531
2085 2085
93 6291
0 3002
3687 5670
1137 1191
1893 2636
81 350
81 110
271 6301
3675 3675
791 2891
1038 1038
138 378
2784 2784
1438 3506
365 908
365 1430
2468 3074
1437 1437
81 143
893 1904
718 721
6170 7310
868 2100
5065 6297
271 5632
271 3568
272 990
1035 1893
381 1138
1896 3707
271 7266
40 7680
279 395
638 1137
279 424
1872 1904
365 1024
1008 2891
783 1241
912 6147
143 1406
257 2212
271 2130
912 1253
271 2823
143 223
365 1312
261 912
1130 3527
2903 6284
3715 4014
572 1033
271 7449
1137 5242
2400 2420
601 2680
125 279
56 1211
271 5201
325 3478
6223 6223
271 5094
2125 5419
271 6117
565 808
2891 5392
271 1656
1024 7090
48 912
747 761
314 5562
747 747
912 5829
5816 5906
1653 1694
271 7210
0 5029
988 4014
0 2115
6170 6170
833 927
823 832
2891 6386
1499 3498
378 1901
81 5906
271 1008
145 371
143 1130
912 941
507 880
3873 3873
271 6036
0 6326
1160 3145
365 5152
107 2874
401 542
1871 2650
1008 1012
365 5042
271 2844
1324 1324
365 783
1693 4680
1137 6394
145 607
372 702
5703 5703
1243 1961
271 7452
257 523
1959 2468
608 1944
572 1998
777 1343
408 523
833 7098
271 6078
3517 5818
1137 2884
271 912
143 6231
519 5142
1137 5617
1160 1527
365 2088
2872 2872
797 3832
1406 1430
139 331
1901 4257
365 7283
1035 2033
350 2928
3502 5731
1015 2065
581 1373
271 2448
2104 3330
807 4382
0 103
680 912
1137 7336
2303 6028
1777 1901
3509 3509
2043 4376
1499 2421
1062 7633
2554 2891
2437 2891
1641 4620
777 1942
1591 4781
107 145
2903 7229
1901 2451
271 7484
912 1904
1693 4676
3401 3401
2891 5703
0 5584
957 4116
1137 1544
271 5259
2891 7496
97 143
821 840
1137 5357
1067 7378
2891 5439
2516 5274
143 1343
394 2928
681 681
138 764
7112 7112
116 143
0 7215
145 912
365 2392
1137 2993
1137 1745
271 5392
317 827
1872 2007
2056 2707
914 914
2476 2902
2098 2114
912 6260
0 2333
271 5350
279 452
909 1212
1199 5401
1137 2364
2395 7415
146 2988
238 2468
271 1343
912 1944
5393 7161
2457 2891
138 3792
2891 5779
271 7332
2379 5507
3728 3728
1137 1541
1116 1137
2085 3001
0 5475
344 3719
1693 3253
1138 1138
72 912
572 1893
0 5407
40 7683
271 6179
564 3010
2474 3313
378 572
912 1469
912 1081
758 3211
718 722
1137 3035
1901 4301
81 269
1547 7418
564 5925
2110 2160
1358 2347
2891 7105
271 3479
1040 2796
40 7673
656 2828
0 6927
2706 3074
0 36
1318 5330
135 2510
1051 2374
5566 5566
783 5550
1745 6217
2573 2573
1901 2085
118 120
1137 6511
2307 2891
3020 3020
868 3144
107 546
145 1528
104 3187
1067 1460
81 566
271 1745
365 3108
1067 1388
1881 1901
599 912
2891 5480
143 680
272 1166
1067 2429
1872 3771
1872 2654
746 5731
271 6211
53 271
365 917
1008 4437
2400 5543
1137 6961
2891 3409
356 1728
36 1798
1091 2891
365 5793
606 2593
591 1158
271 5542
1553 5028
833 926
859 5682
766 3218
1081 1464
272 372
1051 4416
5741 6217
507 879
271 1541
1008 1013
6394 6394
4305 4305
4416 6838
624 624
2455 2891
356 2145
657 2891
2102 3509
967 2618
143 269
1137 6393
145 606
1024 1352
81 145
1995 2991
1223 3185
81 546
72 143
764 3210
868 3693
2392 2444
81 87
1352 3769
1764 5563
1357 5123
3517 5819
1008 6648
230 1973
52 2143
2035 7635
1397 2067
1901 1901
1024 4086
382 1904
783 6392
368 2012
988 1942
1067 1067
272 1008
629 4353
3114 3114
1718 1718
1008 2044
2742 3873
2107 2885
2425 5401
6173 6173
5065 6421
2386 2386
1904 4396
1915 1915
2286 5547
271 7139
1192 1419
2286 5920
365 2891
1942 1981
271 2427
271 1544
103 103
1137 5896
610 2249
1499 2422
271 2333
107 606
1704 1704
277 6082
834 1035
143 2451
16 81
271 2863
5065 5543
385 1894
69 81
271 1774
2404 3127
1693 4677
271 5775
912 3421
1872 2545
271 591
66 564
81 223
0 5583
376 3792
365 3068
271 3163
1263 1580
608 869
365 1539
1215 1215
272 2694
2104 3595
2891 4593
2085 2614
271 6150
314 2382
560 1009
1137 1656
143 1081
382 624
271 3670
868 1335
2891 7125
2384 2891
4207 4207
365 792
271 2577
4040 6680
143 2891
271 5391
672 2341
378 4207
761 1662
59 564
2516 6045
143 365
1885 1885
600 808
868 2836
271 3438
400 574
271 6066
1163 3301
1137 2363
271 4175
365 1357
1137 6109
599 1406
11 257
271 1390
272 6666
1099 3196
0 57
1137 6423
4242 4433
6423 7452
1104 5065
1893 2638
120 868
271 6408
912 6072
572 1896
271 6942
2321 7430
271 3114
7336 7336
912 3665
4153 4417
1137 3128
236 912
52 783
1406 6217
156 2085
1137 1777
3845 4096
5460 7668
697 697
356 4579
1901 2784
365 1766
271 2596
107 591
40 7674
26 747
0 2145
271 2266
2468 4461
1358 2891
279 422
271 2392
267 271
60 2988
279 437
372 1965
868 3186
777 1908
912 2886
314 1160
2478 5222
1062 7635
1095 2863
1635 1642
100 143
145 570
271 672
2742 2799
0 2845
107 2084
1881 1942
623 1035
868 1051
1268 2085
912 2235
1607 2474
271 3095
572 695
11 109
1335 5587
841 5731
868 2102
271 3613
1901 2067
365 5905
335 611
993 1872
1981 1981
382 608
1523 2510
385 3832
48 66
2991 4064
2085 2306
1792 3051
0 116
1137 5697
912 7216
0 3576
1137 6026
271 2422
1137 3453
143 2614
358 5766
912 4975
5660 5660
303 718
1553 3130
271 3608
271 2150
6171 6932
271 7483
1172 2510
1035 3720
271 7384
271 728
271 674
271 2614
1223 3186
365 5471
2104 2444
1315 2384
93 523
2891 5660
0 5537
3220 3220
564 833
1243 2235
271 5122
727 5094
365 2138
4895 6082
554 718
130 358
382 1942
955 2646
1469 1469
236 2201
1137 6932
608 6761
0 5078
890 4149
1235 4676
2017 2725
2668 6563
3793 3793
749 759
1011 4408
4350 4350
868 1201
1825 1825
271 2426
3517 7112
236 562
410 2459
833 868
783 2614
271 6989
807 4319
1137 3617
2468 4013
1591 1698
747 1652
764 1659
2468 4040
564 2398
0 1600
0 2894
1397 2116
1006 1006
1137 3886
1133 1133
2474 6226
365 3067
155 155
107 5552
271 6267
1137 1318
868 3517
376 1872
2088 5006
1110 5710
1987 2776
271 5039
2054 2699
3521 3597
271 3042
59 81
678 2392
0 5241
2468 2615
2867 2891
271 6979
271 2086
914 4171
4014 4014
785 1137
753 910
1008 4322
107 7115
0 819
223 5906
38 1093
1872 2005
3886 3886
271 988
1011 4433
1137 3482
1562 5747
279 1495
0 7309
1137 3401
859 2532
2298 6076
564 1459
376 955
271 1492
783 5305
1348 1348
271 2891
747 1622
1506 2436
1348 2823
1901 4979
2137 3177
0 2961
2106 2106
7454 7454
523 591
271 726
1872 3792
399 544
0 5758
564 6395
1233 3003
365 905
747 788
608 3792
1401 1401
1210 2891
1901 2692
2433 2468
358 5552
1585 1585
2341 6366
1782 6968
271 5394
912 5168
138 1492
272 376
271 7167
523 912
279 415
2088 5948
1877 4342
3792 3793
584 3524
107 6284
1901 3728
271 4428
1130 2333
279 436
366 3989
2105 2105
271 6097
261 5274
271 2837
764 912
365 1318
25 868
1357 2135
990 5314
3187 3263
271 7296
3069 3069
179 279
1343 3565
2468 6477
868 925
143 2433
271 3296
1872 2811
3720 3765
379 3854
271 6235
840 912
271 3187
611 4129
1669 3330
575 575
1335 5586
1173 2384
783 6328
2384 2384
271 3697
272 914
271 1113
302 2468
271 2547
60 1211
273 1392
749 764
1746 2891
912 1764
4191 4501
1318 1318
1872 4395
271 2421
1160 2382
3188 3188
564 5485
890 1904
392 551
2477 5299
2266 2266
1137 5005
2244 2244
1035 3719
750 910
1051 2043
606 1901
355 1130
792 1612
2392 3404
365 5470
271 7098
2709 4311
372 2545
241 1137
2474 3186
2286 2837
1137 2960
87 143
873 894
358 1565
1013 2043
78 279
3854 4207
74 74
1006 2070
271 3640
1137 3677
271 7232
1894 1901
3621 3660
107 2602
27 5906
2891 6996
2562 2891
271 7037
68 2085
238 308
271 2425
5762 6011
271 7118
0 6395
1877 4348
1607 3186
3986 4377
107 6444
2891 6092
834 1040
0 523
1108 3558
279 2202
2828 2828
1421 5429
93 6179
0 1343
1438 2122
3660 3660
1239 2828
3241 4721
143 3517
810 2029
747 1533
2891 3670
81 6934
2222 2222
747 1268
272 2647
1137 2880
385 608
84 1370
0 5332
1872 4064
271 3041
643 718
783 6366
591 1137
365 3466
3904 3948
1140 1140
868 2123
783 5096
275 625
718 723
680 5053
3499 3499
1942 4168
783 1359
783 6190
365 2380
107 3117
912 2451
2891 3096
591 710
1117 3333
2891 6331
1130 2975
385 808
0 3479
0 61
365 7011
793 1343
279 455
107 4950
564 1460
107 5714
271 2912
2988 3421
271 5944
1137 6205
271 365
143 2474
21 5375
564 7097
1348 2824
379 3811
747 868
2468 3728
277 3595
758 758
271 539
0 1553
1137 1529
792 1693
608 890
365 5480
244 244
1137 2938
1137 7407
38 143
0 2547
1792 2891
912 1533
271 2998
783 2219
609 2468
1024 1035
3973 4352
1464 7196
1137 3040
747 1529
1137 1782
1051 2451
379 955
271 1147
3621 3621
18 3469
797 903
61 271
1894 1894
271 5393
1137 6051
271 2264
92 1635
271 5279
1872 1901
2678 3889
2104 3118
272 4006
990 4242
1528 2304
357 358
1037 2022
764 913
138 626
1184 2260
1441 4706
385 1942
811 2706
1352 1942
365 2267
909 2135
1458 1492
15 2828
365 1165
385 2731
895 895
4710 4710
608 2007
783 5845
0 5550
990 1322
912 5996
0 2717
271 1591
1233 1233
912 1544
2891 5303
2125 2220
905 5224
564 3131
20 81
168 279
1011 3918
238 3699
356 4802
143 3130
1397 1469
1528 5543
2891 7162
572 3883
2107 3330
868 1492
5065 6407
2891 6358
903 6626
271 7284
564 1186
378 1904
1695 4659
988 6622
271 5313
1872 4396
271 2420
238 2295
275 1745
988 1885
3792 3891
5392 6961
914 1942
3041 5811
5497 6423
1130 2224
271 5795
523 1544
1777 2891
1137 2137
564 3700
93 6157
914 6800
808 4319
747 910
2891 3464
1011 6694
1137 1401
2150 5354
761 761
272 1322
271 614
758 1656
783 1901
365 3040
1325 1325
572 2037
2137 3634
2363 3521
1137 2888
13 143
564 1792
1352 2755
405 509
912 2088
2085 2430
783 933
564 4539
1343 1693
1942 2742
271 1114
1984 1984
912 1383
365 1137
1547 7306
912 1024
1137 1425
4252 4305
2468 4466
6561 6561
1100 7358
1137 2063
455 2988
1901 3793
783 6942
271 2424
36 36
787 1115
1137 5901
1137 2392
325 5059
81 331
890 1872
1871 2622
1419 2417
1159 2891
107 7443
272 4414
143 156
223 303
1602 1602
3152 3152
912 1901
314 6312
497 636
785 5005
271 1822
271 6511
1011 6578
365 1547
365 3069
27 1325
572 618
743 5003
608 2056
572 1915
808 1871
957 4242
81 1792
228 309
745 6008
271 6147
135 135
1235 3253
271 5038
3290 4648
783 6476
223 1981
279 632
572 3728
2155 2155
868 2478
445 2988
1901 4207
231 1137
2395 5699
2384 5577
3845 4099
122 228
271 314
1547 1547
4086 4086
1035 4416
3350 3350
271 5388
365 7121
365 2293
277 5528
2846 2846
334 611
365 2928
5313 5313
271 3436
271 7040
1406 2412
0 60
2675 5747
575 981
5025 5065
0 70
271 2911
5065 5906
271 1270
868 1130
365 1358
362 564
271 2889
308 365
271 1254
19 143
1137 1421
358 7409
224 4011
271 599
1370 2474
608 1901
1212 3177
5039 5391
977 2031
365 2988
365 2090
2125 3117
271 2043
2646 4252
629 4392
1547 6240
1901 2696
1901 4305
30 357
271 325
574 2891
2891 4984
2395 6326
40 7685
1008 2654
2891 6935
2882 2882
1199 6935
1099 1099
271 1526
630 809
783 5685
271 5999
583 583
608 1004
741 914
365 523
912 5635
379 4389
1137 3564
1035 3753
3187 3261
955 1901
0 3130
230 230
868 914
365 7316
2891 5756
143 808
1213 2117
1472 2125
271 6233
93 271
377 6796
832 832
3720 4506
783 1118
2683 3793
2891 5385
4168 4533
743 4951
1259 3686
1137 1267
3753 4305
271 4917
747 749
271 312
138 2125
1901 2722
271 5662
81 5274
1035 2039
271 2545
1343 2838
2891 5139
912 2492
1035 1981
376 376
1099 2474
271 2443
271 3500
1915 4305
1667 1727
608 777
365 7081
2474 3654
325 5682
1695 4660
36 2988
271 4343
356 3188
271 2419
143 1553
2891 2929
912 1358
247 281
1438 1745
1335 7182
639 810
868 2665
1547 5617
365 6137
1901 3948
2804 2804
912 1201
2125 2379
859 2330
271 7481
1051 5643
1137 2545
1137 2254
5731 5906
4207 4416
365 3035
143 591
271 6260
271 5119
271 868
680 5265
0 1130
271 919
271 1093
912 1492
1901 1904
1137 1602
382 1901
271 4919
2696 4416
3707 4257
912 2526
246 279
496 636
271 2570
572 3993
92 759
385 572
3621 7496
749 755
1006 2761
271 2360
385 1009
1901 3792
279 469
271 2423
912 1319
1235 2468
0 6423
0 3406
314 3145
1458 1458
2675 4490
1602 1692
1948 4219
143 2125
2343 6271
2453 2468
365 2244
1222 1693
5714 6464
0 5920
267 398
3258 3259
107 1358
1352 3826
1013 3994
1137 1492
2402 2402
0 675
700 3832
519 689
100 360
3597 6040
4328 4461
2891 5352
54 271
356 1690
912 3517
833 1137
1008 2737
365 6183
1160 1387
949 1137
2891 6235
271 7039
107 6306
70 365
365 2828
1872 4350
651 1045
2891 7336
688 7074
271 2123
47 1013
1137 3593
3517 6497
2412 2482
271 2888
978 5499
700 2022
271 657
2022 6643
271 598
1100 2497
387 392
272 2039
356 2468
272 4166
784 2510
601 3889
1177 1534
1137 1159
365 5411
81 2936
761 3339
0 2545
4346 4346
7061 7110
271 2546
996 1043
238 3433
365 5900
30 358
0 5161
915 2891
2804 4129
365 365
271 3564
2024 6750
379 956
1035 1872
271 2593
912 2474
572 790
40 7686
761 1107
0 4904
272 377
93 572
277 1901
1160 2476
379 1137
401 1241
271 5998
1051 2084
271 1470
2392 6470
1038 1872
278 1038
1137 6173
1137 2280
271 2835
2706 5123
143 1464
138 624
271 1213
1670 3187
138 1548
0 6171
608 2545
0 7069
271 1397
2220 2220
143 257
312 2382
356 868
271 670
1544 1901
4244 4322
2358 2891
271 1186
0 1218
3811 4322
332 1035
0 5811
2706 4186
331 4096
72 6104
2891 5055
787 5543
2320 5507
271 6114
1108 1137
2891 3457
1335 5583
54 5065
678 1764
2876 5530
868 2254
507 1872
846 846
1529 1901
749 4621
4289 5741
271 1961
377 624
868 1325
271 5661
81 5266
743 2169
1266 3178
271 1051
2364 2891
0 2085
271 3499
1008 1872
2891 6367
912 2377
6 1551
271 2168
906 5906
145 375
2512 5429
523 833
365 3020
1137 6170
2324 7106
2474 5102
747 1698
3529 7625
143 833
731 2891
326 5684
279 1861
138 2254
0 1108
1051 2891
228 316
289 1051
1343 2821
224 1901
1745 5339
1137 1688
912 3004
2516 5295
1901 2991
3728 4142
365 2474
608 2692
1963 4046
2359 6099
1901 1942
0 2286
271 5472
20 584
85 271
365 1138
747 767
312 1160
868 1358
271 1054
169 279
709 833
385 1008
912 3682
4417 5741
238 306
564 1437
7 150
775 1698
2903 2903
143 2440
2303 4918
747 1642
1137 2114
399 523
1108 2376
387 990
0 2976
1718 3374
75 5815
77 4319
1051 3736
0 5586
365 1544
1137 5106
909 2468
138 2224
0 1165
271 3158
1683 1683
1804 5906
758 6500
676 3521
1210 2392
30 143
813 4382
271 5036
2286 5260
747 1343
2377 2377
564 6252
783 6310
564 2891
0 949
2093 2380
0 7139
3474 3474
271 273
2891 6506
5606 5606
0 98
783 1464
0 34
2678 4244
141 143
272 275
379 4181
271 6924
912 1335
365 579
2706 3926
143 5274
87 5906
608 1031
1352 3557
365 1352
564 3652
1571 2468
325 365
6838 6838
1132 2928
2554 2706
365 3206
143 2286
5394 5394
6476 6476
0 2868
40 7676
314 7502
1217 1693
561 1984
3237 4539
1792 1792
2145 2891
2891 5395
1872 2646
783 2573
100 564
314 2295
279 614
868 988
611 2669
272 1004
518 5728
2894 5033
5209 7005
271 1099
238 262
572 3948
365 2954
2683 4322
645 718
143 2928
1108 1405
279 418
912 1740
507 870
912 2286
1186 2891
271 1469
4976 5065
914 1927
1901 2433
314 6461
890 2137
306 5443
271 1212
0 6170
138 1130
0 2919
107 1093
3187 3259
7102 7102
4086 4322
272 2678
912 3273
271 687
745 745
1179 2085
316 2516
3004 3004
271 6231
93 3494
1771 2478
365 5344
2737 3882
2668 2811
400 6044
1160 1160
378 591
747 3220
1110 6077
80 80
365 1401
5305 5305
6055 6055
2035 7633
644 718
1901 4416
760 3220
271 3498
312 5530
107 7156
2110 3509
1004 1901
912 5084
761 4612
33 143
3029 5392
747 1051
81 2081
2654 4077
1942 3728
2286 2382
77 1930
518 2742
2468 4968
2137 2891
107 5209
764 1640
4077 4175
0 568
993 993
271 1160
366 366
365 5612
314 3559
2891 5745
3339 3339
365 2150
1388 4461
377 6546
1492 5207
0 1079
5374 5374
66 6253
116 564
3273 3330
356 1667
143 1358
372 615
40 5815
365 5817
1782 6976
271 5471
1008 2742
572 2699
575 808
718 733
608 4149
0 2150
1352 2512
271 7133
6306 6306
271 2358
331 2468
271 5342
365 6978
279 474
81 2143
271 2186
3792 5168
915 915
271 7443
5342 5928
1469 2863
1019 2991
485 636
72 3053
1130 1137
1137 1259
1130 3565
75 610
81 2299
611 4319
0 4342
3065 3065
271 1758
271 5167
2430 2430
891 4100
365 3066
1637 1641
1472 2085
365 5381
271 5253
2476 3437
3138 5778
808 1872
2474 4979
26 1135
990 4346
680 1137
365 3584
610 1343
1901 1944
2888 2888
3866 4325
271 3038
3973 4382
93 5028
718 1981
0 2395
3235 3235
271 272
868 2871
365 5731
271 2464
1081 1274
1031 1942
326 3645
1800 5918
271 2213
749 1502
2007 2137
2079 2224
1210 1422
564 5542
2054 2054
365 2706
912 1245
523 1553
262 3145
85 365
363 1235
116 868
314 316
764 1685
4242 4242
695 1884
382 6761
1137 2235
271 596
868 1135
279 1829
0 1104
279 442
572 591
365 2125
272 1921
107 1430
1137 4100
3095 6184
1872 3723
1070 1318
783 3463
138 344
143 1764
1602 2145
591 615
7633 7651
519 868
236 365
1006 1942
3079 3079
365 2413
2577 2577
610 610
1492 1901
1008 2758
868 2238
957 6600
939 939
143 1115
271 2304
857 1669
2706 3886
271 2145
138 1541
787 2823
271 5855
143 914
107 5238
2088 2933
3187 3260
3517 5460
685 779
365 1218
2304 6304
1067 6126
1022 2022
6032 6032
788 1370
53 912
868 1137
572 3866
1900 2691
3520 3520
0 236
783 6339
2614 2722
1352 2815
81 261
300 718
1212 3634
1033 1033
2459 2459
2563 2563
271 7281
1885 2618
749 761
0 4969
912 6223
271 3401
2455 2455
1137 5998
912 6212
5329 5329
833 912
2392 2969
223 4305
730 2914
159 169
1774 1774
1051 6099
271 2954
1901 3953
107 7455
0 6157
2811 4305
271 764
1035 3728
138 568
2216 2216
116 1549
2392 5733
1208 2474
666 1782
3768 3768
680 1466
625 1904
3374 6226
165 279
40 7675
2891 6327
559 2212
1621 1635
2476 2476
1900 2790
0 890
378 4532
1137 1791
1137 5497
2468 5710
399 6117
1668 3187
2382 2382
2891 3130
271 5470
3513 3596
2891 6417
3882 3882
269 2085
546 5906
1130 2145
81 840
34 271
93 3845
271 1556
1137 5903
988 1915
365 574
4013 4013
271 7011
1137 3618
138 601
2748 2748
2286 2444
372 893
272 4396
4377 4446
272 4301
277 1489
2891 5795
93 6184
539 3001
764 3076
5391 7117
3218 5257
365 3065
1024 1215
564 793
1551 3053
271 6291
271 6171
1335 2246
2891 3512
766 766
3186 3186
4904 4904
1704 2891
3 5815
1031 2665
238 3389
271 3664
107 2468
1370 4722
769 1652
1062 1063
2891 5070
279 1376
271 271
1179 3095
143 331
365 7119
2437 2437
529 2468
155 409
2436 2476
1667 1667
912 6253
2022 3827
1704 2474
417 2988
2125 7038
890 1942
2891 6051
564 5078
138 680
2758 2758
1335 6924
138 591
1008 3866
81 1551
868 1944
271 1251
868 1904
3768 3973
1921 2468
59 912
68 331
279 1828
608 1904
5748 5748
1614 3250
271 6403
0 5496
2389 5608
3792 4350
3333 3339
2554 2554
0 1137
764 3339
988 4380
2891 5393
365 924
2309 5352
5065 7020
2012 2012
271 2993
271 5063
912 1138
271 3691
271 1241
3517 3517
1901 4322
2012 2624
2263 2468
2022 4073
3509 7012
271 275
40 7681
81 5529
385 981
912 2372
1035 2692
138 1268
271 2303
846 3693
314 7178
16 5906
271 2933
1961 6605
572 1003
764 2468
271 1464
54 5906
271 1211
1101 3608
1404 1635
365 2264
365 7335
271 2706
2709 2722
5391 5391
2476 5997
5053 5053
1872 3889
584 1170
271 5112
271 907
553 718
747 3219
331 3290
1130 6382
1901 4142
1048 2748
372 591
868 2333
365 1114
271 5445
55 2988
5550 5550
312 313
5065 5171
365 1060
1896 2804
365 1656
143 5496
827 831
564 2248
1379 2891
2963 7284
3408 3408
77 1928
1137 2332
764 1137
2000 4519
2088 5652
625 4422
120 121
583 5491
41 5045
143 271
271 1815
761 764
271 6477
0 1560
1223 4726
747 1492
1352 3891
793 912
1872 2784
599 1137
365 5284
2876 3001
108 2517
365 3652
4168 4168
1137 2891
1095 5065
2891 6173
2474 3001
3719 3719
1012 1012
633 1137
1335 1335
993 1901
583 1130
0 143
1137 5829
2093 2392
3973 6623
1901 2816
365 5703
912 3420
365 2286
5713 5816
271 2238
694 4319
1137 4348
1090 1115
688 3499
1693 2468
271 2202
81 5816
1148 2085
907 4986
5547 5547
271 5936
404 523
2758 2795
2114 5923
1544 2294
764 1664
1893 1960
5375 5572
1804 3069
1352 1901
885 2022
1137 2237
2614 3855
385 1987
257 2988
5265 5265
381 1901
808 4113
271 5187
76 2988
365 712
2891 4657
272 1893
1782 4984
271 6290
288 611
271 891
143 747
747 3231
1235 3250
381 2468
905 905
356 4759
912 2125
1764 6067
0 5263
2699 4430
236 1137
2614 2665
365 5855
279 855
1050 1050
2891 4989
3509 5791
257 912
105 747
0 6974
3218 3218
0 785
224 6608
279 447
1137 3409
1942 3792
1352 4575
1904 4301
1553 2891
1942 3891
1067 6460
1137 3596
868 1738
107 7422
2468 3613
747 2474
1553 7207
747 1618
1100 2969
200 279
376 2682
365 2263
2303 6498
359 1137
1160 3174
304 304
271 6345
1100 2414
5731 5964
1051 7187
2272 2304
3041 5188
93 1137
2891 5608
2063 3792
1137 1635
783 2218
397 523
591 617
5006 5006
279 1825
2085 2380
1406 1464
747 1944
6076 6076
6137 6137
143 1236
2614 3004
138 138
270 564
40 7682
5496 5496
4322 6651
271 2493
1782 3549
1791 1791
1059 2085
369 1137
279 416
0 257
32 143
1692 1694
271 5903
401 523
777 1901
365 519
1343 1405
69 825
912 6186
1137 3573
2872 5438
3187 3199
93 382
572 572
2474 2891
5756 5756
3187 3258
40 1137
69 107
3780 4081
868 912
1406 5499
399 694
896 1352
272 2068
3559 3559
2891 5664
331 2043
271 5218
868 1138
1137 5392
244 365
564 3330
564 591
358 400
271 5007
4283 4283
718 4319
138 272
365 868
121 365
783 6333
844 1591
2891 7159
1872 3949
1591 3196
271 1112
2088 2298
1147 1147
1235 4680
752 752
1585 1698
1130 1312
912 5210
93 3727
238 5839
271 5336
356 3199
1335 2960
785 6977
957 4212
143 1529
134 279
242 327
313 2382
365 1108
358 5209
2809 2809
120 120
271 5881
1259 1779
2384 3675
271 7399
138 1081
5332 7229
747 835
3333 4612
2392 3681
622 808
1160 1799
60 60
271 6255
2044 4353
0 1112
5394 7385
145 747
365 2151
271 3118
1137 1692
697 2755
1490 3389
2109 2109
224 1215
572 3749
1137 3152
295 562
2088 2517
145 868
224 6546
1900 1951
81 3131
138 785
641 4319
0 3114
227 565
84 1585
107 7133
6417 7006
846 918
331 1035
1147 2089
365 680
3513 5156
1944 4305
241 3496
81 5815
3509 7013
1035 4096
271 5935
1137 2216
673 909
382 6562
2220 5134
783 5434
1472 2237
745 841
1388 4040
138 564
1382 1729
1137 1257
5049 5049
1438 3074
1008 1033
834 1942
2700 2700
1872 2474
4183 4183
3832 4128
583 2238
785 868
572 1921
575 2027
381 2125
418 2988
1872 2696
2107 2107
4040 6811
749 1653
1745 2880
365 2085
365 1425
1756 2254
2891 7348
1921 4333
572 3720
833 2891
271 3035
1942 2692
66 271
1901 2013
379 1901
356 1672
107 3682
912 1397
1035 1908
2891 6488
93 143
271 7163
912 3445
113 279
0 6973
271 7158
0 27
271 2385
1191 5391
365 6394
795 1072
271 384
279 446
107 519
2928 5699
815 5499
564 2254
1137 6306
2759 4416
572 1008
595 907
0 46
271 1339
1024 6513
365 747
1901 2474
1137 2089
1024 1942
783 3108
1187 5906
372 808
0 1325
0 5899
101 411
5876 5876
2468 3832
641 982
138 912
642 1130
2828 6220
365 5407
697 1137
378 3904
636 854
1161 2938
523 564
2891 3494
2784 4416
0 955
868 2132
365 5899
591 618
912 1137
365 5882
942 5094
583 4917
1819 1822
1553 1901
3509 7014
914 4490
2387 5690
0 85
564 1541
2891 6931
271 3396
365 1051
2392 5230
279 294
1872 1923
271 2301
2433 3686
3324 3324
859 3389
993 6651
1901 2043
764 1621
3421 3421
392 691
143 912
584 6141
271 2729
2125 5852
912 6133
5906 7074
93 2468
409 1070
2063 2063
1243 5491
0 1006
1312 2891
272 2731
5811 5811
277 2474
1137 5391
1137 1343
1464 5819
271 905
271 6202
912 5857
2100 2474
2145 2962
0 7296
801 2694
747 774
1541 2903
936 5506
910 4319
681 1698
711 885
993 5499
271 659
1137 5876
271 2438
3915 3915
1004 1904
783 5611
1942 2067
2286 2286
912 1352
0 1777
107 564
382 6659
2476 3559
1106 2510
365 6170
2397 2397
912 2838
143 2516
1768 1768
568 1137
1031 4014
1887 2618
271 3452
93 1346
5391 6293
1900 3777
730 940
912 1192
819 5065
365 1140
1137 1445
762 1648
1082 3240
23 81
845 1137
779 1130
584 1254
385 2054
913 2145
912 925
325 2516
143 606
356 2545
1811 1942
1137 1192
2545 2891
288 744
1137 1324
523 1335
3845 6659
2474 3273
912 3613
507 2050
4389 4389
3517 6051
1388 4283
584 2231
271 3636
143 3004
1901 4168
107 2395
365 1093
2891 3179
1140 3041
2809 3812
868 1547
385 1015
19 6373
252 252
2298 2298
988 6528
551 734
564 1436
1930 1941
912 7039
0 3408
1499 1499
271 2974
2545 2545
1359 2088
271 5706
154 2516
1541 2298
356 912
2194 2988
1352 3521
576 1544
1553 4305
0 2885
0 2991
236 1901
1201 2474
5352 5758
1335 3646
231 2988
2891 5612
271 4544
271 576
412 1984
1683 1685
1335 1548
93 7387
1137 1358
0 5394
1891 3779
107 3466
2468 2891
271 1478
7033 7465
3014 5906
3707 4305
271 833
3989 3989
1051 1051
2145 3186
2474 3542
2891 7031
271 2589
107 7102
135 5538
233 271
271 7157
0 26
2903 4904
1051 2222
1726 3187
912 2343
2902 2902
785 2024
2478 2614
271 6945
1411 2323
3779 3889
1988 2013
5581 6171
993 1048
271 2976
747 769
783 5313
2784 3792
859 2295
1274 1274
1008 1048
271 1739
238 6461
363 582
910 2468
107 271
925 2474
785 912
271 5189
835 1610
54 365
402 3073
2443 2891
575 1904
365 2108
2891 7316
236 279
2468 7095
271 5061
912 5817
890 890
373 2988
912 5703
3252 4583
272 975
1040 4341
365 2322
81 6626
365 1113
783 2150
40 7684
1130 2089
3010 3010
2545 4965
81 3290
2058 2058
271 6975
1108 2235
1093 5065
138 628
4305 6703
1547 3453
120 2125
271 3463
3187 3256
271 1155
572 2692
0 3630
66 6133
241 868
1693 4711
1348 2419
0 93
367 2988
3520 5237
912 2238
5731 6071
298 392
257 2891
377 6784
1986 4469
271 6109
365 7128
1872 2614
760 760
2384 2389
564 675
868 2437
1108 1901
293 293
271 1110
2104 7442
271 3607
35 5815
365 1130
1901 3186
1872 4186
2891 6362
138 698
365 1693
651 1020
2891 6197
5205 5205
271 6978
271 2085
2387 2392
77 1933
271 1425
143 241
7 81
777 2019
2474 2836
1137 2526
1323 2474
919 2478
271 680
3420 5336
0 3010
277 1137
2433 2891
1544 2891
5731 6008
271 572
355 1008
821 912
3051 5905
272 3871
1008 6651
1325 2891
2891 3517
912 7106
281 506
487 636
1901 2988
1137 5600
1051 5042
1901 2007
868 2088
271 825
365 2472
372 618
1137 3004
1437 1901
1061 1108
676 1357
365 7210
578 2891
138 2988
365 1335
271 2563
564 5980
2891 6975
138 1352
271 7129
1160 2600
2891 6240
1679 1693
868 2891
271 7033
1160 2436
271 5338
1672 3187
379 379
271 1553
81 352
1462 7362
272 272
271 2088
291 1984
1137 6215
271 1445
783 5460
84 1591
271 1335
107 143
2852 3178
271 1383
1804 1804
365 1271
271 783
5063 5063
272 4305
1438 1438
1022 3857
1137 2240
0 539
2299 5816
564 5461
1130 1901
1893 2623
1335 3649
0 1544
758 1635
1568 2408
868 1081
4461 6875
3068 3068
568 725
279 500
156 4319
2125 5948
0 5393
764 1641
564 850
747 1397
271 5166
5499 5499
1395 2107
808 3720
365 1267
2891 7359
2845 2845
115 2928
261 868
813 4305
1379 1379
356 1670
365 2409
379 1989
365 5741
1035 1892
1901 2742
271 5381
1008 2615
990 4376
271 7156
0 25
0 783
66 3421
1600 4590
344 4422
279 450
914 1872
1246 2384
648 718
783 2699
2776 4153
120 1137
271 1337
225 2988
0 3647
3241 4636
747 1621
1108 1591
271 3720
868 1901
1585 3203
0 3152
73 2891
1108 2082
1264 1670
3565 5391
133 133
378 6552
572 2056
0 5486
365 3004
67 5375
1160 3119
1872 3811
529 4341
764 3350
271 3085
1351 1792
93 2438
365 2107
2891 4040
143 1268
769 788
46 2891
1904 2039
365 1382
4040 6605
0 5237
107 5421
0 2468
3131 5815
1011 3779
672 2392
143 1235
0 2121
5819 5819
279 292
1551 6954
1547 5386
572 886
783 5635
2437 2614
241 271
591 783
271 4305
680 1901
507 808
909 3138
1108 5798
138 2286
271 937
271 2433
1764 2082
271 6471
584 5901
1553 3438
624 914
1918 4322
575 1984
2468 3218
5394 7454
1137 1479
81 5205
3185 3290
1137 3386
694 694
0 1093
564 6122
657 1137
273 1652
2891 3386
238 827
1764 5919
271 3120
6460 6460
1137 1797
81 1188
2451 7378
2809 4040
2891 7169
271 3606
783 1469
1359 1359
1553 5042
148 1551
2085 3404
0 5025
271 2437
834 909
271 5333
400 523
271 2413
622 4352
566 2891
2303 6055
0 1782
271 6977
271 2084
77 1932
30 2085
912 5662
1099 3235
1947 4301
5489 5489
84 913
2468 3433
3250 4711
271 7294
6150 6150
624 1008
1008 4168
2474 4895
785 5263
957 4266
566 566
377 4423
2123 5260
271 6138
747 3449
271 5029
271 917
2063 3749
747 2125
914 4266
272 507
124 2988
868 1343
271 824
143 1352
1553 2374
2409 5662
2880 2880
2056 5747
4940 4940
608 677
271 3447
2891 3079
1008 2699
0 4918
868 1544
1335 5237
2891 6988
2082 3452
868 1397
271 5337
5818 5818
4040 4167
1235 2474
279 329
0 6304
792 4586
365 7481
2827 2846
775 775
728 7364
1872 2225
365 1270
1137 6434
145 523
385 1904
116 2107
1656 1659
2891 5690
564 889
608 1881
1893 2624
1335 3648
2474 6217
783 2089
1006 4095
271 6286
1683 2468
764 767
2384 5024
271 890
271 6166
1137 4040
529 4163
92 4626
760 1659
1430 1430
0 276
365 3487
138 747
0 7375
783 3389
1635 3210
93 1981
5131 5906
718 719
379 2799
72 2134
356 1669
601 814
365 2320
238 365
365 5630
890 3916
2891 6215
783 2868
912 2341
107 7210
1137 4598
1942 2007
2809 4461
1248 1693
86 936
2891 6031
271 1462
747 1024
1130 3463
138 1553
1137 2579
912 2224
1693 4739
523 1137
0 5896
1048 1048
2891 3613
365 3001
0 5719
3282 4519
1057 1177
807 2615
365 3617
93 2610
1357 2965
1764 5635
233 4319
271 855
747 785
758 3218
747 1325
2963 6299
365 2446
868 1268
116 116
654 4466
405 523
68 81
5699 5906
1464 1464
3210 3211
912 2468
2386 2433
912 988
4469 6784
1529 7402
271 7180
2088 3409
0 2
252 271
1539 1539
3453 3453
46 2088
271 7081
138 271
365 2043
968 1933
5025 5025
143 1383
143 2235
2891 5928
764 1618
365 7434
93 384
572 575
1137 4940
890 2545
271 1154
378 1008
271 667
271 1797
2678 2719
1693 4709
1600 1600
271 6470
641 4061
2600 2600
363 3301
138 1010
12 81
651 2660
1921 4430
314 5003
1344 5608
1137 5460
608 2013
144 2395
2891 5575
365 5338
110 143
896 1872
365 3644
5460 5460
365 1466
1137 5305
1942 2991
1252 1338
37 271
1698 3218
271 3630
58 2891
608 2673
1872 3946
1108 1325
365 1792
271 1108
1160 6312
271 2538
271 3605
1130 5776
572 4322
224 2659
777 2474
2748 3792
271 5332
271 2412
783 5655
81 357
143 953
4040 4146
1100 3059
365 6171
77 1931
46 271
271 2164
3273 4569
2827 2827
271 2851
1901 2100
2218 5572
325 2285
2742 2742
3811 4406
509 509
81 940
2719 2719
834 1926
5205 5906
271 7375
2809 3982
1006 2678
6299 6299
2891 5540
2058 2468
711 832
564 598
1871 2468
147 5815
598 5906
26 381
271 3657
1901 2005
2707 4533
365 1815
2377 2451
365 2468
783 2293
1562 1901
568 912
747 3130
365 1134
271 1067
0 833
2891 6973
271 2460
138 1358
103 2459
271 7128
783 2891
1105 1105
385 1016
271 7031
2085 2437
827 827
991 2737
5815 5906
223 1137
572 967
271 7005
36 7211
147 610
271 1443
365 5795
0 1359
93 365
1236 2085
2104 6150
2742 4509
590 1192
1656 1656
30 81
3517 5515
1137 1379
272 4183
609 808
2068 2668
608 1972
955 2816
285 423
1218 3014
1137 1335
1090 3009
2085 3290
1811 1972
1894 4305
81 610
762 3218
747 2224
271 2031
271 5055
271 847
6423 6423
572 777
1149 1192
271 4956
590 912
755 771
138 224
2 143
143 6026
74 116
2145 3187
271 5497
271 1138
2890 2891
365 2319
365 1100
1312 3593
6132 6202
5096 5096
1421 2468
271 2254
271 5265
1335 5253
233 233
859 3559
783 5664
81 808
279 449
2147 2891
1051 6979
577 2828
747 1130
3241 3330
2891 6032
4396 4396
271 2115
1081 1901
365 2700
138 1137
241 6032
893 1901
271 5733
895 1901
365 1213
272 1352
390 718
238 2957
1067 6109
252 1211
271 529
680 2614
271 5210
1078 2238
93 6471
365 5333
564 5257
54 2336
1312 1312
271 4979
857 3187
365 2109
0 1051
1157 1172
66 365
236 281
2104 2432
2299 2299
868 2450
365 2445
912 1135
0 943
868 1264
1130 1815
912 2478
365 2323
1130 2846
271 2608
2914 5906
271 5411
3517 4940
912 985
1177 1591
271 5299
3944 5499
66 81
507 877
1130 6028
365 2841
271 2320
1782 5370
271 5900
928 1137
5 302
2474 5808
107 108
2891 5925
754 910
0 2912
279 2215
271 7394
980 4325
2451 2474
708 1004
1539 2468
143 2306
271 1193
363 3300
271 7348
1159 3041
1872 3855
314 3437
272 1811
365 5337
2711 4040
271 7357
365 3640
0 2608
783 7433
2845 2891
5303 5303
358 5301
133 3001
747 762
749 3333
365 3454
868 2474
2891 5188
912 2079
235 565
579 2437
1163 1693
714 714
5094 7188
358 358
271 5680
608 1811
4086 4305
3067 3067
2891 5036
912 2402
1335 2894
365 6399
3595 3595
271 5331
145 365
26 271
271 2324
783 7243
785 6029
100 635
0 591
77 1938
143 2237
4401 4402
3010 6029
2809 4331
271 7477
3746 3746
241 936
271 7079
1137 2263
0 1335
955 956
783 904
728 5504
1405 1405
1137 1553
6271 6271
271 6366
302 1942
1151 2891
783 3621
912 3186
365 1479
564 2993
1571 3269
2445 2966
385 599
271 5027
2529 2529
1153 2088
5899 5899
1901 1918
271 5613
107 365
281 2197
271 5492
912 1051
365 1133
1035 2821
71 271
0 2474
565 963
905 2088
2063 2468
4013 4283
7296 7296
651 961
1319 5547
2516 6296
352 1792
2891 6171
729 1984
2005 3756
1137 1893
576 1768
4759 4759
2238 5971
1110 4968
1096 2510
271 7493
783 5333
2094 5543
2891 7210
4661 4661
5391 7095
107 2125
912 5341
1137 2748
138 629
523 680
659 2125
572 615
271 5078
378 3883
1704 3235
868 3509
271 846
2407 3693
2565 2891
2125 2254
1137 6976
2022 2468
1348 3607
914 4295
66 3614
279 684
1010 1889
1135 2468
1901 4292
271 5644
2699 3922
2890 2890
1745 2748
785 2875
1421 6287
2891 6496
271 3466
2928 6271
365 1099
2988 3692
917 917
365 1090
365 7037
279 428
1135 1901
868 2827
271 5363
87 2085
279 443
1137 1959
1618 1618
2618 3941
365 587
271 2114
783 5372
143 1024
625 1322
271 7207
2891 7110
1635 1635
764 1693
1137 6429
2799 2799
2891 5860
563 565
271 1792
107 1335
271 6438
2562 2562
400 1130
156 868
1901 2235
5218 7393
5137 7188
3496 3621
564 4940
365 915
366 1137
4040 6699
2891 7243
1764 5341
1972 2019
1006 2012
0 849
385 864
1137 1169
0 2324
2169 2169
143 7469
0 80
1067 2614
0 6426
272 331
398 574
2891 6205
787 1090
5080 5731
271 5899
591 785
1008 1008
2104 7088
1490 3313
271 5992
568 568
107 107
365 5020
1100 1100
143 2085
912 2692
1137 2266
271 5758
107 5464
365 1160
365 3621
277 7030
2254 2836
2392 2452
120 714
354 4382
1011 4101
272 625
138 833
381 1406
143 564
396 523
2510 5024
0 2358
1160 2876
783 5252
608 1768
1335 3003
224 6552
1406 2891
1745 1745
868 2286
1024 4046
271 5556
271 2455
271 2228
1901 4519
271 5330
2478 5053
293 4319
271 358
747 1138
271 2323
3613 3613
680 1236
912 2836
1901 3946
3517 5305
1137 1591
1370 1370
271 1229
1024 1901
0 6028
1137 2529
4328 4328
1382 1698
271 1169
143 3693
0 4322
271 6497
591 893
267 526
2392 2557
2678 2811
1818 1822
3330 3330
5333 5548
81 2516
1352 3780
6933 6933
260 1600
749 910
271 6135
377 6581
138 257
868 2235
1137 7011
1901 1998
868 2085
1764 2342
365 795
1343 5313
90 1137
271 3464
40 7689
2891 6971
105 764
839 1683
912 2433
1533 1533
4342 4344
381 2836
3174 3174
676 676
1406 5779
3802 4305
1370 3324
912 7158
365 5180
271 7107
365 6320
564 1434
1 2125
0 519
107 7441
272 4402
228 238
365 2502
365 1268
6949 6949
1901 4062
4305 6528
584 1361
2891 7112
365 5652
365 1257
0 1319
2085 3093
2891 5592
783 3068
2890 3517
1108 2614
2891 6349
5123 5123
2123 5194
2392 3565
1881 3728
2205 2988
271 887
769 3334
143 1335
2468 3836
2891 5342
0 868
4461 4461
1901 2683
107 907
1904 1988
271 5643
1137 5472
3870 4030
365 5762
271 1137
2618 2706
365 5439
2891 6497
3837 4013
138 143
143 2836
1571 1591
1137 5719
2891 6949
1343 1774
145 1137
2731 6585
143 1065
1160 2172
2474 2547
909 3177
2468 4657
365 591
223 4319
2392 6479
2392 5081
365 584
1130 2468
1110 4908
1553 5770
2384 3550
2891 5949
365 2180
1872 1942
271 1791
5906 6404
2043 3994
279 453
1008 1035
93 6309
365 1155
58 5205
568 2891
93 2260
712 4927
1081 5714
2468 3203
2608 2614
271 6316
1881 2019
2058 4046
2545 2845
568 778
2104 5783
365 3600
651 671
271 2321
1782 7190
564 5038
5392 5392
747 783
365 2545
868 2451
0 2377
1901 3130
1942 2722
2286 5329
293 4382
3333 4545
0 7187
912 3474
718 738
584 2141
40 7687
1798 2988
271 2514
597 2384
143 1492
365 6366
2081 5906
271 5297
507 875
81 369
912 5063
6497 6497
2392 5102
2380 2380
747 758
365 5027
608 988
365 6123
1137 6183
1024 6658
100 822
564 7026
0 564
523 2474
1544 2333
365 7341
0 2851
0 3137
271 1192
909 912
93 5239
0 393
589 2216
0 7211
1944 1944
912 1553
6730 6730
138 304
107 5731
378 3802
5391 7454
813 4319
107 868
1137 6949
1553 2254
5092 5352
138 697
365 7217
1942 4322
1024 3926
365 5643
381 1553
568 868
912 1777
3333 5274
272 865
868 1533
1163 1346
2445 4344
3973 3973
0 1904
999 1006
271 4241
1499 2426
271 2322
3613 3614
1901 3866
271 2951
312 4544
3811 3811
325 2382
604 1172
6117 6117
764 1642
1352 4046
1893 1893
378 6561
909 2137
138 572
783 891
1553 3273
77 77
271 1811
1900 3989
2828 3065
5238 5238
624 1024
365 727
868 1695
783 3506
271 6390
2911 5428
0 2665
564 5194
143 610
271 6249
524 789
271 7270
356 857
365 3576
1137 2873
2891 7362
2272 7298
93 5872
868 1008
272 1035
365 2477
2891 7283
68 1816
5303 5392
1901 4186
271 5611
1335 3025
2606 4919
2891 3626
1779 1779
1008 4319
40 7690
1008 1947
584 2086
84 356
1008 1908
730 2085
1188 5906
279 7636
2665 2665
1693 2474
114 808
1981 6666
580 629
1137 2398
1901 3891
0 680
2969 2969
224 572
271 2343
2912 2912
1921 6688
0 697
651 4319
815 815
5732 5906
833 835
1192 2408
753 753
132 145
399 511
990 1927
271 1243
3801 4001
385 700
344 1008
365 1259
370 1137
143 1944
0 6357
0 2988
297 718
271 6500
120 5906
271 523
783 3069
271 6676
2359 2392
365 1553
1551 5906
1137 5344
331 344
143 754
3871 3949
1040 4462
591 1038
981 2002
2891 5242
1130 7402
365 1782
990 6600
1212 7478
917 5049
0 2343
331 1529
1529 1942
1235 1901
383 1172
277 5566
1492 3542
84 1607
77 1085
608 2100
279 426
518 523
3792 3811
135 1344
4257 4257
2085 3453
2873 2873
365 583
912 2872
2678 4444
375 1798
18 81
1600 4723
1137 6500
572 1437
1553 3330
572 1038
271 6436
897 2022
279 420
143 523
302 4319
3542 3542
271 6339
6 72
833 2110
271 712
271 6219
365 5330
365 3613
3573 3573
365 2106
1219 3509
912 1529
803 2618
81 156
6051 6051
868 2125
1137 6952
2891 5819
4348 4348
655 1137
2468 2706
1327 5020
1006 1904
1892 4305
5024 5608
564 715
2377 3565
5344 5344
272 385
1137 3227
40 7688
365 2963
351 611
1033 4322
143 379
305 2085
1011 4244
507 874
7001 7001
1872 1918
1137 2012
1799 2468
15 1050
924 2478
365 5137
914 1901
2084 3593
1199 2425
107 1165
1478 2392
3483 3565
610 868
1051 3695
2180 6286
1137 6496
5996 5996
1108 5919
4389 6514
145 257
81 953
1104 1105
998 2618
72 148
1241 1241
523 3517
1690 3375
1893 2678
0 1469
572 630
314 2436
2249 5815
81 6383
1051 2835
2104 2307
2380 6149
365 1464
697 1166
107 2307
564 5061
1382 1382
1051 5063
769 769
6943 6943
70 272
2172 2172
1137 7156
2110 2110
2091 2091
1872 2067
1024 3797
1192 1407
107 5480
365 7061
365 2872
261 783
747 1137
912 2334
273 4722
365 3720
912 2933
107 1137
1044 4311
1137 2336
957 1981
259 611
271 5812
1921 3946
389 718
622 3973
271 1168
6252 6489
107 7205
1871 1904
2828 3066
1923 1942
2319 5660
1211 1869
764 3220
1012 2647
365 1529
2142 3557
0 1122
1137 1325
77 4382
1137 2872
365 1422
107 2293
747 1335
2891 7281
1137 3059
2636 3726
2903 3568
3108 3108
1093 1093
1346 1759
522 523
101 150
2502 7165
1008 2066
783 2321
103 2404
40 7691
365 2284
2919 5546
271 2457
271 7148
2888 2891
2891 4940
824 2991
914 1981
519 2891
887 1984
1051 2132
1921 1942
224 3870
74 5815
564 2286
