7716 6195
1693 1793
1137 5044
833 834
2512 5095
2103 2104
747 1664
1136 1364
1745 5199
1353 3675
62 3445
76 2988
365 2238
273 3273
2692 3936
143 145
1243 3982
840 2260
271 4960
1137 1536
909 909
1137 1165
365 2995
272 1871
2302 3760
927 1137
365 5283
564 4956
271 5162
572 3924
271 3153
1051 3394
366 572
271 5051
2891 5236
1421 2262
1352 2777
636 1284
912 1130
1201 2834
2468 2629
1876 1966
365 2401
1904 2818
271 3576
1137 1738
894 1009
3436 3436
378 1986
138 2800
271 2480
5193 5193
271 2381
1137 3473
783 1405
1067 7623
808 1008
1782 3436
917 1137
314 3174
1137 2350
1137 3661
271 1498
3427 5060
988 2784
271 1459
1582 1601
906 2125
3675 5015
712 712
271 1262
1137 1410
1320 1323
314 2118
1352 1811
1782 3043
1137 5172
1325 1325
381 3517
833 2109
842 1397
572 2075
1352 1352
143 840
1323 1323
2125 3693
1040 3895
2606 2606
958 2766
1137 2926
271 3104
507 618
2088 2534
2186 2186
271 2986
783 2232
2396 2396
1137 3113
271 3057
1783 2478
1201 1268
0 5120
1010 1980
44 143
2891 3006
365 2338
2618 2618
0 2123
271 3487
2012 2624
749 776
1067 2617
0 4
271 2405
783 2759
913 1647
572 896
783 1815
46 377
912 1268
1008 1011
1137 3636
1057 1057
767 1620
1137 2558
1145 2886
1043 2021
1137 4942
272 1909
2510 5348
0 1268
1137 2470
1137 1227
1390 2563
271 1749
263 5020
271 3309
260 1695
2125 2946
3273 3287
129 1565
764 772
755 910
1108 4962
2612 3765
1403 3671
365 3639
2033 3753
365 920
365 2584
0 1095
1081 1137
1380 1792
1011 2715
356 2871
1764 1764
70 271
72 1137
680 5023
1352 2722
365 1788
783 2100
749 749
271 2348
365 1067
890 3121
365 2871
238 327
912 2302
1687 1687
0 3441
762 769
77 1939
657 657
143 238
988 2613
1695 1695
1137 2127
1137 4994
801 1871
747 1570
1659 3215
2437 3011
365 2220
1137 2751
365 3052
1908 3958
912 2254
572 1904
1893 2793
912 914
575 2038
2751 2751
769 3226
523 545
1137 2871
1136 3299
3034 4934
271 4926
764 1502
110 1782
912 2100
143 2988
7 1792
1064 1137
365 411
396 1229
3696 3696
888 2781
271 1064
271 2456
1980 3921
68 143
271 2248
143 2341
636 1845
1044 2377
1016 2726
1610 1704
398 523
2429 2429
3588 3588
356 3278
912 1325
523 1492
1136 1248
912 1238
143 2254
2085 4982
1137 3602
2678 2719
36 257
747 1657
89 271
1137 2510
143 2337
2600 2600
1036 2668
143 5224
1182 2382
993 1352
272 2015
81 115
1688 1717
382 572
888 2819
783 3693
1357 2020
1352 1584
2515 2515
271 1635
331 346
272 608
143 785
747 3222
529 1356
401 2864
1027 2817
868 2144
356 1736
636 1283
1740 1740
169 281
2328 2578
82 2864
1013 2766
1274 3573
761 1117
271 2479
271 2356
2078 5063
636 1856
366 3882
1137 3472
366 4031
575 972
2123 2123
356 3255
71 81
1536 2907
1745 5154
752 910
365 4995
1137 5041
1905 1988
747 1641
1137 2478
2631 2631
2048 2048
365 1207
365 2254
129 358
365 1156
2254 2426
1553 1904
572 2074
579 1137
1352 1353
272 1902
81 350
272 3970
572 1944
1137 2931
271 3103
1137 1709
2239 2853
747 3210
281 503
365 912
783 2479
983 992
912 1149
743 3389
356 3256
1562 1942
0 5119
138 2055
1900 1900
3001 3001
1024 3904
365 2335
2618 2619
1357 3475
271 2221
271 1094
54 3012
272 808
1991 2468
1137 3450
3597 3597
1160 2162
271 1480
912 2905
864 2468
912 1265
271 1422
572 1005
1686 1686
1087 1662
1201 1406
1352 1979
93 1339
3187 3189
1522 1522
1240 3593
1080 1137
0 3139
263 1329
2114 3187
952 1525
1904 3517
523 2286
957 3967
1137 2692
1904 2235
271 5235
700 3864
651 782
2664 2693
1137 2901
700 3878
271 5021
314 2330
590 1485
572 3736
271 3010
145 1904
636 2576
3717 3942
1704 3297
529 529
1803 1803
801 2776
1137 3011
271 3530
783 4992
1314 1406
365 1077
271 2225
365 2966
0 4946
1357 2435
1202 2478
1137 2237
238 326
1958 1958
1137 3425
365 5175
743 1228
1130 1522
356 3287
143 1397
2471 2471
2502 3000
381 1268
365 5051
783 1771
93 788
2468 3943
888 3888
1177 1392
410 1066
1137 1450
1237 1237
1904 3760
1960 2061
1137 1209
1702 3239
1343 2125
1352 3297
1263 3183
1505 1505
912 912
138 812
1650 3218
805 2618
1018 3965
271 3134
783 3472
365 2599
271 3032
2007 3945
272 1038
2639 2678
271 3653
365 2467
2114 4921
783 2323
365 2279
1939 1940
143 1051
636 1844
271 2374
0 52
228 2441
93 642
138 1319
293 1008
1075 1268
2114 2759
263 271
271 2967
145 2593
564 1137
1137 5050
1268 2478
1608 1608
783 5330
1137 2509
1044 2734
271 1783
0 3086
1021 1043
1949 2022
489 636
28 2121
138 868
271 1766
272 2012
2392 3696
365 2178
1632 1698
764 774
2679 2793
365 2078
378 2613
376 1889
271 5050
271 844
857 3266
64 576
407 709
636 1290
834 3848
271 3680
2137 2242
2114 2464
1011 3742
2377 2474
1530 3208
1406 2933
1268 2857
0 138
271 1135
797 1997
1008 2058
138 145
1890 2618
1942 1944
271 2478
0 2125
271 2271
271 5289
785 1904
523 542
636 1855
580 611
1252 3593
1063 1137
271 3024
271 2293
284 636
912 1329
2407 3141
564 3581
104 1667
257 2197
1343 5173
572 2780
1137 2560
1591 1687
2699 2699
515 523
747 912
976 1137
681 2145
402 523
1406 3088
2510 3165
3278 3313
2254 2425
833 2107
382 3845
1352 1354
844 1057
271 5101
2709 3959
1099 2891
0 1135
271 3102
912 1541
2993 2993
285 1137
271 4900
2848 3669
1815 2088
272 2479
271 3621
5 1137
2709 3892
365 5079
2632 3943
1587 1723
365 2433
696 1008
1406 1430
1013 2741
783 5018
2069 2689
1927 1927
365 2334
344 1892
271 3388
1130 2151
356 3308
365 3165
0 596
271 1366
2135 2137
3409 3409
610 2299
1227 1227
1137 2286
271 2848
1745 3506
881 882
199 636
271 1406
273 1223
1928 1932
2891 4989
271 1807
365 1229
1137 1230
1524 2630
93 2397
1975 2810
1352 3876
93 2478
116 3144
1218 1218
1137 1368
365 3020
2787 3765
2392 3534
636 1418
271 1994
2056 2675
2668 2680
271 1883
2968 4934
365 1409
272 1027
2731 2750
801 2966
1040 2746
1346 1698
1355 3193
100 564
1993 2706
143 1088
271 2347
271 3416
365 1069
2786 3832
271 2386
138 1335
81 940
2117 2117
1421 5095
365 564
0 3445
1130 3395
1406 2580
1137 1138
120 833
1137 2606
271 2870
1406 3638
1137 2125
1137 4999
271 1226
143 868
2642 2642
912 1909
1137 1449
271 1780
143 2343
940 950
0 3023
31 145
1527 2382
641 1872
93 2228
271 568
912 2274
1006 1137
2085 2665
1661 3210
1137 1720
1319 1904
988 1942
2114 3603
365 3471
365 3592
0 906
2114 2235
678 1764
272 895
5034 5047
257 3692
271 3460
2903 3639
2150 2349
271 2475
1959 3813
271 2376
34 271
890 3855
1406 2430
138 1320
777 1942
2448 5078
2786 2786
636 1866
2326 2328
1160 3456
407 523
1137 2178
1108 2396
2103 2107
1356 2789
599 599
575 2694
271 1241
1602 1698
1137 2508
1702 1703
0 2898
101 564
3328 3370
783 3065
913 3216
311 314
1779 5140
1145 1146
139 145
120 129
572 1873
365 2177
272 2683
271 3075
2933 2933
365 5284
271 5159
1192 3143
515 689
1942 2225
5140 5140
2406 2406
1135 2474
135 1137
636 1289
315 1110
3683 3683
564 747
4934 5149
523 689
271 3574
594 2125
47 2007
1524 3796
985 2744
365 2302
63 143
1268 1904
0 3593
1177 1575
271 5288
636 1857
271 3572
1137 3470
1320 2132
1268 2341
271 1564
2468 3522
2429 2865
591 747
1320 3029
1355 1721
1208 2316
365 4989
1253 3593
1591 1686
365 4891
1268 3390
1906 2774
1352 1946
365 728
93 5135
143 155
797 2645
2631 2713
1137 2789
271 2692
302 2689
11 2988
1137 2700
365 2854
2254 2424
0 2786
81 100
1352 1355
680 934
1406 4978
2114 5191
0 271
1011 3953
331 332
272 572
792 1355
271 4899
2125 5329
1044 1942
868 2163
271 4975
568 2085
363 1137
271 1104
402 817
1486 3074
797 3881
379 966
271 1038
1051 1137
912 1811
138 707
398 5217
1071 2022
1105 1105
507 871
271 1530
1357 2471
2392 5129
278 304
271 1478
912 2930
1137 2340
1441 2468
589 591
486 636
271 2137
2901 2901
1137 2276
764 1623
1389 1406
1883 3776
2234 2234
1137 4946
81 394
1928 1931
1137 2474
1268 1492
572 2005
1688 1722
2468 3926
1457 1457
272 2724
1335 2395
1160 3077
1904 2085
1137 5377
145 761
1137 1330
0 1379
1009 1875
1438 1745
271 3008
1137 1616
271 3624
302 608
356 1708
523 785
2523 3486
93 912
365 2359
1764 1777
1880 1895
1024 3707
408 2095
378 892
1108 2082
1205 2114
0 2095
783 4901
584 2509
1591 1604
271 5325
2125 5186
1113 1137
238 325
1008 1352
1137 3423
0 3494
271 2178
356 3285
912 1635
190 493
2085 3404
890 1893
365 5063
726 1137
523 1081
1137 2531
709 709
1137 1448
271 1779
236 636
1971 2667
912 1201
1607 3310
832 1948
891 3769
1920 3982
2125 2379
1137 1558
2891 3652
2007 2702
365 3047
272 2774
331 1977
272 1957
1022 2791
40 2337
365 2172
575 2039
513 2138
228 307
564 4927
272 3885
568 1904
1235 3248
3521 3601
356 1137
2928 4970
365 1410
2709 3715
272 1042
242 327
680 1067
271 3651
143 1181
145 271
2253 2863
271 3459
912 3435
271 2474
2085 2547
143 1050
3201 3330
1492 2551
1183 1183
365 5193
2007 2114
2125 3453
271 1495
564 2125
3241 3330
730 944
1352 2033
2888 3517
2286 2961
2242 2853
551 1981
859 2891
5281 5327
3736 3939
1893 2631
1524 2677
636 818
0 1558
783 3066
572 611
2474 2730
2554 2706
1235 2226
2230 4888
608 2067
2689 2891
376 1957
1137 5325
2679 3984
143 783
1903 2793
3728 4004
0 1547
1352 3026
1343 1904
0 988
3823 3823
368 565
356 1735
857 3325
636 1288
414 2891
2056 2707
795 2891
271 3678
1506 3170
2494 3418
365 1775
400 1182
1871 3807
912 2564
238 1137
32 584
138 1893
1980 3766
700 973
378 1990
2611 2709
93 564
3041 3453
271 1004
629 3824
3506 4945
2927 3595
271 2291
1137 3391
372 1964
2848 2848
2772 2810
912 1343
1240 1240
1137 3665
62 365
1745 5153
608 1044
1137 2176
687 687
523 1397
365 765
572 2717
584 3088
365 1208
2468 3792
1137 5176
2468 3836
0 1242
2254 2423
833 2105
636 661
1803 2392
81 99
271 785
1352 1356
372 3720
271 1574
272 1901
5104 5104
0 365
2328 3113
1137 1618
1011 2680
0 232
365 2543
1137 3116
271 3619
1048 2697
1108 1883
0 912
2891 5218
0 2309
1406 2234
1553 2515
1740 2922
934 1406
539 539
2847 2847
271 2604
1041 3927
358 5278
365 1108
358 4967
271 1091
2769 3806
1082 1082
581 948
1357 2512
2418 2418
618 620
344 2069
808 986
3441 3441
912 2298
143 1108
1137 2410
2328 2411
678 1137
1012 1945
680 3083
768 910
2676 2676
271 2944
146 2988
271 1312
2102 2107
365 1402
1137 2151
271 747
2641 2705
1406 1904
769 1137
99 107
271 1165
523 1108
1650 1650
1137 2473
1906 2805
747 1701
365 1230
761 770
1137 1229
1893 2640
325 2600
681 2468
0 2766
1022 3786
608 1942
331 623
365 3029
271 564
523 1051
272 1963
2489 2891
1137 2975
271 5125
523 525
0 1122
212 636
1352 2668
1213 1430
138 785
1904 2614
1137 1615
365 2568
2460 2460
271 3528
1137 1757
2989 2989
0 2094
271 2222
143 1087
1370 1594
1035 2061
1544 1904
271 2432
1018 1018
271 2177
988 1904
1137 2406
581 1108
2336 2336
143 988
868 1815
1136 1355
993 1524
1137 1431
236 637
762 1638
365 3155
754 1087
0 2832
93 5179
2184 3023
1137 3913
1137 1206
1146 1792
1137 1557
70 783
271 567
2891 3663
1942 2100
1352 1578
85 365
271 1628
1268 3659
1137 1317
244 2392
1235 3249
3733 3969
273 1597
2125 3126
2043 2704
2780 3731
1881 2784
985 2774
271 2582
1355 3206
365 1147
271 1081
143 1201
0 4934
271 2473
2125 3653
519 1137
636 1848
315 1341
1901 3811
680 726
2818 2818
2771 3830
402 2475
401 1813
2512 2512
3187 3187
0 1810
1572 1591
271 2102
2173 2173
3883 3883
4903 4903
365 1360
1268 1406
314 3050
271 2872
1100 2125
747 1660
1137 2098
1137 2514
138 1035
93 2360
1137 2816
138 962
1137 1383
1212 2893
5205 5205
365 2994
2474 4934
2401 2478
1050 2828
539 1137
1137 2934
2088 5070
764 769
74 145
1108 2892
989 2699
988 3824
0 1406
2633 2635
1054 2082
1229 2068
815 1871
1618 1654
1027 2815
402 1545
1352 2795
0 246
2451 2451
365 2506
0 937
1137 3033
1079 1137
1406 2835
1012 3770
365 2397
1536 3022
1010 1995
1008 2766
413 2829
1268 2474
0 79
410 1864
1958 1988
758 1137
1099 1706
413 3576
365 2832
271 2290
1628 1635
271 1358
238 2516
1137 3664
2510 3569
257 1406
1577 2468
868 2818
1921 1998
1137 2175
1137 2563
271 2899
365 764
62 821
1026 1900
912 2665
572 1042
783 912
1137 5039
625 625
271 2950
365 3116
833 2104
365 1567
3273 3278
1352 1357
608 898
365 5312
981 2468
769 1659
2088 2372
271 3986
2870 2870
783 2429
5097 5097
583 2553
783 5086
1240 2392
1777 1777
271 1870
1591 3316
261 1268
364 365
2125 4895
2382 3489
2679 3881
1914 2795
261 358
1942 2053
2772 2772
743 3050
1960 2664
2478 3154
890 2793
1092 1438
564 1130
1359 2903
1031 3778
138 1108
1137 4944
907 907
572 2688
354 1137
1406 2013
1137 1397
81 5065
1137 5236
1893 2641
2297 2893
608 834
1352 3826
138 1406
575 729
1872 2818
1944 2666
608 2024
1133 2309
1137 1369
314 2441
2264 2264
365 5359
1116 1746
2125 5376
523 524
2063 3861
1011 1917
271 3130
1421 2174
1137 1683
17 2193
263 1412
365 2577
272 3842
138 783
1165 1165
2709 3739
365 2567
272 3746
271 3622
1945 2777
783 5259
2928 5106
365 1749
271 2552
224 2756
1201 2261
2071 3765
670 1137
143 1086
636 1831
629 3873
1357 2445
1005 2060
133 238
1927 2641
365 2896
1137 3427
2471 2496
833 3608
2144 2149
2125 2970
654 1137
988 2742
848 913
1896 2795
2872 3022
1408 1408
3601 3601
1082 3308
1137 2536
232 271
138 988
314 5090
107 1360
1586 1591
1137 2662
575 591
143 595
608 2048
318 827
1491 1698
781 1900
224 1899
325 1053
957 1352
1393 2088
2084 2084
379 571
1137 1787
1108 2028
888 2018
271 1822
1137 2989
2848 3547
271 1130
1247 3001
2392 5011
1703 1704
271 2472
1537 1537
79 271
1733 3278
2224 2302
143 1137
2491 2491
398 3592
2778 3769
1137 2312
1923 2717
271 2968
93 4958
365 4977
833 3500
1137 1249
291 575
1137 1193
2238 2996
2286 4890
2392 2490
1529 1529
1067 3483
761 3231
365 5281
271 5046
365 2535
1011 3893
3216 3216
636 1294
381 2261
1000 2815
365 1776
356 1674
400 1180
0 5162
271 3571
2089 3631
680 2534
572 3727
358 4952
1015 1015
888 1352
1137 3171
1872 2015
2238 3541
365 2933
1137 3474
575 3810
372 702
1144 2872
271 381
1904 2302
3385 3517
271 2922
106 1792
271 2133
579 579
2618 4039
518 3727
2704 2704
1133 2478
1137 2481
783 5002
599 1011
271 1788
365 1206
70 70
365 2272
1871 1955
93 3416
565 1002
1587 3238
1352 1727
1137 2977
1801 2891
271 3099
385 3985
1624 1656
68 3093
1745 2891
886 2632
3183 3183
271 3004
0 2455
271 2244
564 680
3832 3971
3083 3083
2468 2714
271 3700
957 2675
912 3468
293 2748
143 1081
271 2506
1335 2874
1745 3101
120 5306
1942 2056
1907 2468
2808 3707
271 2174
672 672
1163 3252
2698 2699
572 970
890 2794
143 3943
833 1904
572 1909
1137 2344
1101 1137
783 1761
2157 2379
1137 2149
143 236
1101 2427
912 1872
1137 1453
1137 4943
1524 2811
2474 2548
271 2619
154 1110
2089 2328
365 1227
1137 5235
72 145
1011 1891
1137 1560
564 912
399 1203
241 2602
638 3149
890 1137
3541 3541
314 3433
365 5282
636 1859
2593 2593
93 3575
995 1908
271 914
2087 2087
1406 1772
2254 3455
0 1011
680 2238
988 3748
138 236
611 2713
523 783
0 2577
891 1985
2022 4017
611 2804
365 2356
0 3651
1114 2254
1745 3151
302 1562
564 1051
833 3607
2088 2157
2615 3780
766 1355
2088 3136
1137 1141
572 2739
1043 1956
747 1650
271 1238
1690 1695
271 1777
940 953
3272 3273
921 1050
1213 3098
774 774
271 5261
3273 3311
572 1926
2222 2478
700 3840
743 4910
2123 5276
1137 4997
636 1377
1235 3247
2510 2959
1137 1680
271 839
365 2595
783 3414
2085 2394
2791 2801
272 967
912 1108
858 3832
910 1663
686 3499
271 2580
2085 5343
1904 2474
325 539
271 2372
1004 1942
0 3385
1137 2385
271 2917
1917 1917
372 1904
271 2100
1906 1906
143 2306
271 2896
747 1659
0 2892
3176 3176
1536 1536
833 3499
906 1268
1137 2223
1335 3578
289 401
365 1198
1212 2891
1137 2733
1006 2761
2384 2503
1356 3275
700 3794
1693 3250
2476 3433
378 2742
1178 1178
909 2292
365 3593
572 3915
988 3829
1609 1693
365 906
572 2100
625 1035
333 611
1904 1904
3041 3573
271 2237
636 1293
2022 3960
1406 1533
1356 3729
1358 3511
365 1768
1108 2158
917 5002
1406 2138
93 689
331 1035
2618 2803
1147 2089
0 2143
271 1474
1048 3725
2638 2773
271 2132
3041 3041
1146 1233
995 1035
1900 3755
271 1200
241 3496
1137 2562
2699 2724
2662 2662
813 1035
1137 2480
1137 2219
3405 3576
1904 3709
381 652
17 257
1585 3186
331 2039
1692 3198
909 1394
0 362
1212 1212
271 3098
694 2713
793 793
272 575
565 1043
271 1944
271 4972
1108 1918
320 743
669 1591
365 2428
271 2603
912 2391
833 1745
0 1091
365 2958
1320 2544
271 1010
356 3207
1320 3530
913 1651
271 1543
271 2173
356 3317
1871 2770
636 1860
2698 2698
1406 2478
365 5023
86 241
1582 1587
1137 2155
764 1634
0 2929
271 1403
1137 2268
271 2618
1137 1396
271 1803
564 868
365 2502
1073 1137
343 523
783 2044
1137 1177
5002 5002
2889 2889
383 2510
1137 2974
271 3218
142 143
2063 4001
1357 3863
365 846
1352 1630
378 2681
271 3129
271 1219
912 2988
4969 4969
356 356
365 1406
1406 5165
398 2085
371 371
1119 1119
75 271
3389 3389
257 365
40 610
365 1073
271 964
143 1085
99 1137
228 2516
365 2890
890 2076
143 1544
143 2665
1358 1904
783 3922
833 3606
271 2334
365 5160
785 2085
397 1315
1137 3613
271 1432
1904 4934
957 1927
1136 1371
0 2981
1036 2678
1137 2453
0 2890
1355 1382
1137 5205
2135 5094
2089 2089
271 1764
1320 4979
381 2286
0 4933
783 1137
525 2451
17 2198
378 608
572 3709
0 2481
797 1137
1460 1460
2114 2588
2276 2468
608 2709
259 834
834 3731
1524 3905
3855 3855
833 2108
365 2385
372 572
1438 3074
0 3623
1008 2631
1099 1610
402 2593
987 1013
2353 2353
238 1244
0 46
365 2830
271 1560
783 1791
1011 1011
93 1769
410 1231
116 2515
271 2099
223 1046
1506 1506
2057 2618
2676 3821
783 5293
271 1329
271 2895
139 625
747 1658
314 2169
2540 2540
271 659
833 3498
3995 3995
2476 3559
1335 3577
2836 2940
19 610
764 764
271 3168
903 1922
523 526
257 1137
1800 2437
1624 1639
365 2095
909 2297
989 2698
600 974
1904 1942
365 1431
114 3856
2052 2814
271 3048
1635 3220
636 1292
783 2359
1653 1718
2137 2239
17 2988
365 2311
385 912
2069 2821
833 1778
1406 2316
2668 2715
1672 3243
1048 2004
143 2489
912 1346
1782 3441
783 3495
1024 3202
1137 3668
888 3971
271 2131
271 2163
488 636
398 1236
957 3823
805 1931
1137 2568
271 2898
138 523
2012 2351
1137 4950
1871 2066
835 1723
143 821
2468 2642
0 3048
1108 1764
834 2686
2392 3392
2254 2427
2476 3050
93 1051
743 2533
1714 1714
2737 3874
2412 3074
137 531
2968 2968
1137 1710
365 5310
271 911
891 1357
379 2632
1137 1804
0 915
1137 3018
2095 2095
271 3593
680 3418
1137 1447
1008 2012
1212 2292
2468 2771
271 3503
336 611
1597 1597
1176 1177
2744 2744
2244 2847
63 63
3758 3765
271 2398
507 881
2022 3884
2534 2534
143 1541
271 1363
271 2941
24 143
93 777
313 314
2468 3601
1137 2154
2828 2891
143 2114
143 2328
145 564
2254 2304
979 1904
14 271
1745 2122
0 1201
1137 2244
1881 2991
93 2480
1472 1472
1652 3217
365 5353
1137 1335
271 5018
857 3207
143 1325
783 2464
1137 2830
912 2186
365 1408
409 1318
2088 4963
356 1719
272 1010
1067 2882
365 833
271 2550
751 910
2733 2891
276 2392
3210 3226
94 257
749 756
1942 2974
0 104
1059 2125
890 2077
1876 2667
1942 3760
833 3605
1274 2540
365 5156
572 957
1137 1907
1137 2322
2640 4893
271 5279
507 873
1137 5001
2085 5231
762 1635
1536 2117
143 261
1929 1935
0 2889
365 1183
608 1872
2254 3607
271 5173
365 3046
764 3228
0 1499
783 3625
1177 1569
1027 1048
1352 1582
783 3528
271 5151
331 341
1137 1320
1357 2135
638 5013
1243 1243
2683 3890
271 2333
0 2480
3082 3149
271 4944
912 2123
2056 2468
1137 2994
24 116
1346 3247
564 1480
2087 3074
93 138
572 810
271 1078
271 2470
1767 2117
636 1851
1137 2058
0 45
671 2622
896 2690
2848 2951
890 1958
2739 2739
952 2478
271 1272
857 1733
1137 2318
3473 3473
2706 3733
2512 2537
1352 3560
2875 2875
698 962
1404 3202
1137 4973
491 636
833 3497
2085 2085
680 1789
1137 1191
1893 2636
565 887
2254 2422
81 110
608 1988
2270 3032
1108 2654
331 2709
93 3541
1038 1038
271 4988
365 3589
365 908
365 1430
912 1468
2379 2915
273 1702
81 143
636 1291
1137 3036
1904 2012
895 988
272 990
1917 2709
145 257
271 2598
1904 2489
381 1138
1015 1016
365 2300
2365 3427
638 1137
0 37
1872 1904
0 3464
783 1241
890 2015
575 979
1137 2354
143 1406
271 1510
271 2130
356 2990
62 840
1137 2296
143 223
2592 2891
2085 4914
1097 1137
747 1636
541 541
46 1008
572 1033
2309 2309
365 3113
271 5201
3238 3238
2016 2016
565 808
271 3097
783 3603
271 1656
271 4992
365 2123
1408 1739
747 747
783 994
0 5100
1335 2992
3462 3462
2015 2015
365 2915
0 2115
823 832
271 2504
1137 3525
0 3571
93 1764
988 1998
145 371
365 2863
356 3205
912 941
345 986
365 5152
1871 2650
1008 1012
912 1205
2819 3849
1160 3485
115 365
365 783
1355 1650
1422 1764
2254 2303
1137 1399
3129 3565
608 1944
777 1343
764 3209
408 523
2478 2485
1137 2957
365 2136
0 2585
498 1227
769 1634
2228 2229
1212 4953
962 1872
365 3448
1160 1527
365 2088
271 1969
1137 1406
2872 2872
3549 3549
1959 1959
1639 1660
1035 2033
271 2549
350 2928
2654 4034
1015 2065
1244 4910
914 3967
1530 3264
271 2448
2104 3330
271 2243
143 1084
1021 2022
2808 2808
1137 3431
1499 2421
1904 2391
365 5155
271 2095
1101 1101
347 1908
365 5044
1137 1139
2903 5208
1137 5000
912 1904
3477 3477
365 3171
1038 1352
1352 3432
0 3018
1137 1544
413 1366
1406 1709
1137 1490
271 5259
1406 1410
743 4908
1137 1319
0 1743
143 1343
394 2928
681 681
271 4943
924 924
1011 3856
1979 2726
116 143
145 912
365 2392
2468 4968
1137 2993
564 1343
1137 1745
1959 3907
271 1077
271 2469
783 2953
890 3933
1265 2125
2125 4936
365 2930
2098 2114
1201 2549
636 1850
913 1636
131 1137
1406 3418
909 1212
3764 3825
1137 2364
1137 2462
1764 3278
636 2190
271 2984
238 2468
138 2302
271 1343
957 3852
1591 1678
912 1944
857 1082
2540 3592
608 3869
1137 4898
726 1050
1893 2637
2635 2635
2107 2583
2254 2421
383 2389
1137 1541
271 5196
1116 1137
1137 1153
0 1186
3556 3556
365 2227
344 3719
564 5213
572 1893
743 1137
271 4987
1137 5327
1090 1137
365 2093
271 3147
365 904
2903 3059
378 572
1620 1635
365 3112
636 1298
1137 3035
783 2203
81 269
1871 3809
271 3567
143 365
1381 1381
1358 2347
271 3479
2510 2571
1040 2796
785 2961
656 2828
2706 3074
0 36
2584 5238
1268 2334
564 1406
365 2831
942 942
990 1108
1536 5068
2573 2573
572 2759
263 2186
2468 3996
957 3757
1406 3058
572 1035
885 996
906 1153
783 3020
358 2848
2089 2457
1139 1764
271 5200
1067 1388
743 2532
2125 2175
1137 1488
143 680
5059 5059
764 788
365 917
1011 2678
2150 2829
3563 4931
1137 1688
1137 2363
229 636
236 1406
591 1158
14 398
271 1032
783 2922
365 1119
145 1107
833 926
1370 3197
0 3570
271 2397
271 1541
271 2171
1262 1262
2733 3977
1352 3611
314 3123
1008 1013
271 1458
271 2151
4898 4898
1223 1223
356 2145
978 1912
657 2891
1137 2541
365 785
967 2618
402 1428
143 269
564 3411
145 606
957 987
1355 2589
1223 3185
81 546
72 143
764 3210
764 3862
81 87
1352 3769
1591 1677
1357 5123
564 3000
611 783
0 2584
271 5016
857 3204
680 1116
0 1077
139 968
0 2218
1901 1901
0 2524
2088 2521
365 2560
680 2240
1010 1974
1067 1067
2868 2868
272 1008
1316 3117
365 2353
365 1139
2386 2386
378 1942
1192 1419
2392 4909
1426 2085
1346 1615
912 2328
610 2152
271 1544
610 2249
314 3169
1499 2422
1357 3563
2777 3952
1236 1236
1704 1704
3429 3430
2392 2835
834 1035
1212 2396
271 2863
1152 4925
1043 2782
271 1774
2668 3818
365 1250
263 365
271 591
1137 1213
1236 4964
1715 2145
315 3683
365 3068
5231 5231
1263 1580
608 869
272 1885
365 1539
572 3121
1900 2634
914 3851
783 3477
1137 1656
917 917
1969 3753
271 1909
783 5195
2343 3702
802 3986
271 3670
2328 2577
0 2333
2093 2093
1346 3249
272 3611
271 2577
783 2328
1591 3268
672 2341
2063 2063
709 833
761 1662
59 564
169 236
365 2927
680 5200
1137 3486
600 808
271 3438
400 574
138 1226
1041 2793
1163 3301
874 875
271 1493
1993 3906
1468 1468
1137 2301
365 1357
1137 5056
599 1406
271 2892
11 257
271 1390
888 3919
1099 3196
2636 2643
2238 2333
2137 5077
1356 2648
878 879
0 1316
1763 1763
1872 2545
1893 2638
2272 2328
1137 2737
2254 2420
1137 1530
271 2317
413 4982
1212 5128
356 3318
1687 2114
572 1896
1119 2944
271 3070
3233 3328
1137 5326
836 1745
365 3591
400 2848
2392 3040
1137 3128
236 912
1137 1827
52 783
4934 5070
564 1635
636 1297
2223 2384
3278 3278
1137 1777
2103 2573
912 2489
365 1766
958 958
0 1739
0 2145
17 1864
626 3735
683 683
271 2392
564 2233
372 1965
651 1039
1137 2359
777 1908
314 1160
759 761
1932 1934
608 1049
1137 2185
1137 2565
1872 2328
271 1399
747 1634
145 570
271 672
783 3070
2742 2799
0 2845
272 2032
785 2305
1881 1942
623 1035
1268 2085
912 2235
1502 4974
572 695
1004 1004
2292 2292
412 575
0 2397
0 2274
271 3613
335 611
2386 3638
382 608
951 1137
681 1698
2085 2306
2109 4937
1777 2016
0 4973
912 1763
271 3406
3935 3986
507 878
271 1540
143 2614
1005 1005
1137 1916
271 2939
271 2150
377 3929
1172 2510
271 1420
0 3095
1137 4928
2774 2797
1137 2460
909 5077
1223 3186
2816 2816
783 1906
1315 2384
1136 1612
271 2438
271 1708
272 1966
1184 1184
365 1472
365 2138
2254 3176
55 257
2302 2302
382 1942
1137 5289
1825 2478
896 1979
1998 2637
1492 5104
236 2201
365 3462
1959 2045
271 312
365 1544
1137 3014
797 971
41 81
1011 3795
365 2352
572 3992
381 1060
2017 2725
365 1141
2405 2596
271 2266
1268 2123
659 2907
271 5345
2298 3535
365 2886
1889 1889
410 2459
0 675
783 3876
2679 2679
833 2304
271 1429
2468 4013
1043 1968
747 1652
1008 3791
764 1659
1160 5090
564 2398
0 1600
1355 2512
834 1008
5241 5241
957 3803
783 3150
1137 3886
1234 1364
1133 1133
365 3067
271 3162
155 155
365 2166
108 365
1137 1318
2745 3849
2078 5273
783 3483
3454 3454
1116 3501
523 1883
0 5241
2468 2615
1976 2706
2068 2068
3041 4967
785 1137
75 1137
753 910
572 802
365 1143
985 1024
0 819
271 2468
783 2954
38 1093
1727 3256
2891 3021
1802 2891
344 2000
271 2367
783 2810
1137 3401
3397 3397
365 1991
564 1459
271 1492
1755 4934
2286 5260
1137 2300
365 1356
748 910
271 1389
1099 3193
93 2305
2137 3177
321 323
3842 3842
749 1137
523 591
400 2509
1887 2618
271 726
1893 2639
3258 3259
1236 3408
2254 2419
783 1899
2239 2297
700 2642
2063 2721
2709 2772
1067 2943
1900 3777
263 1382
1067 1769
769 3211
224 1973
365 905
93 1904
1573 1591
636 1296
365 3401
271 3672
2022 3976
1585 1585
2114 4901
1355 3092
730 2914
783 5010
2114 4925
742 2988
365 2434
138 1492
272 376
1899 2802
271 2265
2786 3842
1243 2989
365 1255
271 2309
813 1908
888 4066
1136 1222
2619 2619
1809 2392
2254 3497
564 2302
271 2837
1932 1933
138 625
365 1318
1137 2572
912 1969
747 1633
3187 3263
1335 2592
143 2302
2864 2864
365 2270
46 572
3720 3765
2383 3087
271 3187
2159 2159
271 5117
523 536
365 3627
1137 1714
365 1457
81 5132
1173 2384
793 2078
1904 1964
0 2273
1396 1396
263 1245
2078 3458
1524 3852
271 3697
272 914
2668 3893
302 2468
271 3591
271 5272
365 2331
983 3703
1013 2627
525 569
397 523
2085 5278
912 1764
271 5298
2223 3480
356 3190
344 2061
238 322
1160 2382
1137 2416
1343 2491
3409 3517
409 907
2064 2777
1137 5005
783 5353
3328 3329
4924 4924
401 511
365 4932
1035 3719
636 2191
2151 2151
764 3212
241 1137
1268 3565
365 3664
1137 2960
909 4953
636 663
1013 2043
271 3124
2637 3922
3853 3986
365 3556
271 3022
0 2523
74 74
365 3465
271 3640
59 143
1137 2366
1406 1432
868 3462
2414 2414
2468 2775
1524 3757
1137 3677
365 1140
1355 1680
3675 5348
749 753
1421 5069
120 2889
68 2085
238 308
783 2743
138 2474
783 3877
1137 2388
1607 3186
365 5047
81 1400
833 2303
834 1040
0 523
1108 3558
1137 2594
1591 1697
1352 2019
2882 5249
3832 3840
271 1823
997 2789
608 4034
912 3585
271 3161
785 5219
365 2165
591 942
2468 3254
376 3820
223 2631
2063 3768
272 2647
385 608
1137 2556
271 3041
1137 1571
591 1137
156 1040
1140 1140
680 5053
1079 1079
2085 2313
783 1359
365 2380
355 2254
591 710
1406 2173
2815 3725
2085 2504
783 2901
913 1637
0 61
143 2286
271 2912
1137 1877
271 365
1406 3604
143 2474
410 523
63 1137
561 575
2468 3728
277 3595
2113 2113
1066 3692
890 1163
1137 1529
365 1561
608 890
572 1897
1137 1347
244 244
38 143
0 2547
1069 1108
365 1160
492 636
912 1533
271 2998
783 2219
609 2468
271 3044
358 1083
636 1295
783 2356
1137 3040
1137 1782
957 2704
46 271
2468 2471
271 3477
2809 3982
61 271
1558 1558
711 832
271 2355
0 4999
143 358
271 2391
1356 2292
2125 2943
564 2085
1335 5046
365 5109
357 358
641 1137
1037 2022
1043 1924
138 626
1184 2260
890 2611
903 1028
1137 1457
365 4913
2535 2535
385 1942
811 2706
1352 1942
659 2353
1137 1996
365 1220
909 2135
138 1024
271 1743
344 345
832 1895
385 2731
895 895
378 699
835 1594
608 2007
2392 3619
912 2233
271 1591
680 2909
523 535
912 1544
1137 1721
1243 2238
1268 2988
1137 1268
1137 2832
2125 2220
1137 1622
1265 1265
271 4890
564 3131
20 81
912 2085
826 827
1137 1807
356 1726
1633 1659
1886 1959
2137 4998
271 2546
271 3590
2177 5345
1035 1969
263 3613
1889 2636
680 2458
1000 1048
3455 3455
3385 3385
1406 1567
1008 1014
145 1137
785 1872
2392 5262
238 321
890 3772
2772 3903
271 2974
914 1942
2104 5241
1591 1605
1010 2682
523 1544
271 2840
1582 1591
365 1335
1268 2608
1137 2546
93 5085
1659 3214
1356 2700
1137 1401
228 238
1137 5217
761 761
271 614
2848 5163
758 1656
783 1901
4982 4982
365 3040
1357 2769
1406 3166
272 1971
625 1908
808 1904
1358 3545
2137 3634
1244 3389
2363 3521
2638 3952
1137 2888
13 143
271 5014
1352 2755
1600 1600
2589 2589
405 509
2085 2430
783 933
346 1137
272 865
1409 2290
564 1358
365 1137
1137 2272
912 1024
1320 3523
265 2988
1137 2063
1268 2286
1777 1904
912 1370
36 36
787 1115
797 897
263 1086
2621 2731
1970 2648
1137 2392
325 5059
1704 1707
1871 2622
1419 2417
747 1644
223 303
2676 3902
988 2724
3802 3862
116 2092
1942 4034
2085 3142
2424 4966
785 5005
1022 3894
529 1137
1680 1680
2382 5059
1565 1565
143 4934
27 1325
572 618
271 5255
743 5003
572 1915
81 1792
271 3513
228 309
135 135
1137 2859
2709 3799
2392 5288
1467 1592
572 3728
2163 2392
636 1275
122 228
271 314
1710 2145
365 1763
365 2293
334 611
1492 2194
2114 2339
365 2928
1904 2564
271 3436
1009 2723
1406 2412
914 914
285 1863
271 2282
575 981
0 70
2125 5144
271 2911
1137 1884
659 5160
257 2194
21 783
365 1358
912 1226
1973 1973
1959 2671
271 1254
1033 2795
1137 2493
1137 1421
1136 1713
608 3611
271 599
1370 2474
289 396
365 3102
271 5122
356 835
977 2031
1041 2010
1055 1055
4992 4992
61 365
2679 2775
769 3209
365 2090
2125 3117
2048 3871
271 2043
2085 2924
1316 1316
1137 3125
783 5174
636 1302
1268 2261
564 783
30 357
858 858
680 4972
1343 2392
94 920
399 1313
1602 3293
2046 2709
641 2748
1959 3789
354 572
2114 2114
271 1526
630 809
277 365
192 636
271 2307
1137 1947
608 1004
741 914
365 523
1872 2125
2468 4903
958 3858
3885 3885
1137 3564
2611 2611
365 1319
1635 1649
365 1311
257 1268
3187 3261
1137 2489
1137 5244
1137 1235
271 1742
1213 2117
1472 2125
365 3011
381 912
93 271
783 1118
833 1872
2104 2329
271 909
1090 5202
2468 2878
271 4917
2709 3752
5213 5216
0 5078
2745 3716
138 2125
2793 2793
365 2349
1343 2838
0 2183
2891 5139
376 376
1346 1712
138 1954
271 2443
2078 4924
2823 2823
1667 1727
608 777
2272 3005
2474 3654
2114 3897
356 3188
400 530
138 1343
143 1553
1872 1872
1994 2778
912 1358
1356 2554
365 610
564 2114
0 606
639 810
271 5181
2706 3931
564 2327
271 2858
1161 3005
1137 2136
46 382
988 2699
1137 2545
0 2923
365 4933
1137 2254
129 1740
0 1274
1371 3302
2618 3820
271 1817
1536 2251
73 1268
271 1756
783 1902
564 5099
272 1969
143 591
2743 3769
1010 1010
1893 3933
271 5119
271 868
2915 4990
1055 1137
680 5265
1130 5192
271 919
912 1492
1137 1602
271 1872
271 4919
331 348
1427 1642
1048 2817
496 636
271 2570
3904 3904
0 3620
385 572
1959 3927
749 755
271 2360
385 1009
358 3150
2355 2462
1145 1827
2168 2168
2382 2476
988 1918
912 1319
0 3406
700 1925
93 1406
1137 3621
1354 3812
143 2125
290 1137
747 1643
762 1629
1137 4903
365 2244
2274 2274
271 1821
1897 4005
885 1043
1522 3059
636 1126
1137 1492
365 1536
1406 4906
700 3832
870 871
1704 3239
100 360
1358 2469
54 271
783 5098
356 1690
912 3517
833 1137
1008 2737
271 2574
0 3690
1160 1387
2680 2680
1005 2668
271 1524
905 1137
365 2828
271 2281
1004 3933
1356 2539
651 1045
356 3267
271 1490
406 2872
1137 3593
365 1353
1137 5034
2412 2482
314 314
2509 2509
747 1627
0 2964
1136 1712
72 135
1632 3227
1100 2497
272 2039
356 2468
784 2510
271 5192
3822 3977
1177 1534
1137 1159
1160 3123
2222 2510
0 2545
365 2092
634 1137
1782 1782
0 2443
365 3496
271 4964
636 1301
1406 5208
271 3693
611 611
30 358
912 1419
1137 2518
271 3564
271 3555
912 2474
572 790
385 385
2891 3074
272 377
1137 3163
379 1137
2309 2891
271 1470
2726 2726
1038 1872
1649 1652
81 936
365 1368
278 1038
1137 2280
271 2835
2706 5123
365 1316
1431 1431
271 1213
1670 3187
591 808
1044 2689
271 1397
2220 2220
143 257
1811 1811
895 1917
0 3631
2170 2170
0 1218
331 1908
1137 1183
332 1035
1012 2773
271 1702
651 2713
1882 3789
272 3995
365 3008
636 1514
680 1444
400 1479
271 2459
1108 1137
271 5009
54 5065
747 3221
2766 2891
507 1872
1957 1957
783 2485
2637 3948
271 1961
356 1724
580 834
1137 1763
81 5266
985 2797
743 2169
271 1051
1530 3324
1346 1713
0 2085
835 1610
365 1116
1008 1872
1906 3839
271 3402
912 2377
6 1551
2891 2993
271 1537
271 2168
572 2044
523 2254
912 2922
572 987
523 833
62 3588
2297 2297
1137 2278
381 564
1237 2468
72 598
1137 2544
365 4930
1137 2253
2676 3778
1108 2435
983 2771
273 3265
747 1698
365 1178
2637 2727
143 833
1011 1878
271 1755
3050 3050
636 796
1975 2709
1137 1363
138 2254
365 3661
1010 1011
1893 3934
3086 3086
636 665
3778 3778
1745 5339
2510 2935
784 1523
1537 3597
271 3106
2946 2946
1475 1529
382 1913
1137 3074
271 1963
1130 1787
365 2474
2049 2709
743 3433
271 3540
20 584
271 2569
564 1352
365 1138
312 1160
680 3688
636 1834
772 772
385 1008
1762 3074
238 306
564 1437
912 1320
1815 2125
2641 3851
2468 4921
775 1698
2903 2903
143 2440
1137 5062
1991 3807
1764 2234
1137 2114
399 523
3256 3256
1108 2376
0 2976
1136 1679
1560 1560
1137 1255
2392 2583
143 2391
2717 2717
1529 3604
1636 1636
295 636
138 2224
0 1165
2592 2592
271 3158
1683 1683
764 1640
3006 5215
30 143
1235 3251
271 3039
271 1904
271 3666
365 1825
2093 2380
1137 2995
271 273
403 3479
1061 1061
2795 3983
1553 4985
406 523
1918 1918
906 906
0 34
356 3243
141 143
1236 3175
912 1335
868 3162
365 579
365 5084
1035 3958
1137 1882
0 636
988 2772
912 4934
271 362
271 2979
608 1031
1352 3557
365 1352
271 2887
1356 2780
365 1274
1013 1013
1137 2491
1043 2025
1137 2229
1782 5231
0 2868
1683 2706
1421 3122
2733 2733
2891 3635
1137 5104
271 3180
1882 2328
2657 3934
2145 2891
1944 3715
783 2573
1893 2717
271 2224
1352 1467
4972 4972
611 2669
272 1004
636 1300
1982 2618
2022 3979
238 262
783 2282
636 1784
728 2406
2125 2451
2618 2636
743 743
365 2954
143 2928
1741 2745
1108 1405
912 1740
1137 3461
912 2286
119 129
271 1469
572 1908
137 271
1137 3650
2588 4957
1024 1986
659 2944
1137 2550
764 1701
3187 3259
1024 1959
1928 1938
1453 1453
783 917
1406 2036
138 1030
1952 2022
1688 1734
1179 2085
764 3192
986 992
93 3494
636 1513
783 3672
2392 5165
2737 3882
783 3924
1160 1160
747 3220
2740 3765
1904 1975
2848 3562
1137 3100
3176 5084
1067 2865
1137 3024
680 3516
1108 2235
2222 2222
680 4904
271 2521
145 375
33 143
271 1536
2114 3771
1352 2297
271 2167
1268 2316
2064 2638
903 1043
271 2328
1942 3728
572 990
3023 3023
2286 2382
77 1930
2359 5140
518 2742
1231 2903
811 1356
271 2159
271 2857
564 935
1137 5007
572 2654
993 993
1137 5221
1212 1357
2254 2386
331 1881
1743 2578
1137 2678
1172 3583
764 2812
2657 3926
2668 2811
1137 1687
271 5012
769 1640
0 1079
1137 2552
271 3019
116 564
1137 1792
143 1358
302 354
575 808
1355 3216
0 3618
253 636
1136 1693
0 2150
1067 2129
1352 2512
271 958
1137 2245
271 2358
365 683
271 3430
1014 1918
0 2961
2392 5184
890 2056
0 3505
1137 3700
1591 1606
1137 3619
143 2439
1108 1562
1137 2597
905 905
747 1649
1469 2863
1019 2991
485 636
0 3090
1137 1259
381 680
75 610
1406 3105
1487 2395
1874 2807
138 863
909 4998
271 5167
2430 2430
1472 2085
365 5381
564 5229
3273 3330
680 1137
2888 2888
407 3154
271 3038
271 3665
3881 3881
271 272
271 2592
743 3683
271 3473
1008 2632
2254 3608
1031 1942
326 3645
1925 3980
271 2362
263 3585
1137 3410
2079 2224
1406 2520
888 2468
1210 1422
228 2545
271 2908
135 2384
1137 1881
271 1268
523 1553
743 3170
1137 2182
0 1693
885 2744
747 1619
1137 4958
3243 3243
695 1884
271 1183
233 2631
271 596
376 1010
0 1104
572 591
523 541
81 107
93 2252
0 1195
271 5130
272 1921
271 5088
985 2047
769 1647
1872 3723
271 895
636 1299
236 365
564 785
365 2413
2577 2577
610 610
868 5097
1163 1355
913 1661
1262 3089
1400 1407
143 1115
1137 2429
271 1468
857 1669
271 2934
2254 3500
271 2145
681 1137
385 3274
138 1541
525 1183
2104 4916
747 773
1137 3567
576 1544
143 914
1355 2496
1101 3607
3187 3260
1928 1937
1137 2467
365 1218
365 2265
1942 2709
1022 2022
1874 2771
0 1240
2080 2468
1341 3170
2078 3556
584 1171
636 1512
2638 3959
868 1137
572 3866
1900 2691
233 343
988 3860
271 3015
0 236
1352 2815
273 1733
365 1799
365 2451
2022 3951
1137 1452
1212 3634
1033 1033
783 4988
1964 1965
2392 4992
1137 2987
2459 2459
34 143
0 4969
1137 3507
2455 2455
145 374
400 527
957 2705
977 3737
271 2166
833 912
1137 2399
271 2327
2079 2474
1137 3355
407 951
1130 3565
1108 3452
271 2954
1137 3622
2683 2683
2328 2861
957 1902
764 1641
378 988
138 568
1137 4930
116 1549
1208 2474
666 1782
2125 3397
888 1018
3768 3768
680 1466
1421 3071
995 3712
2766 3791
1108 4911
0 2689
743 829
272 3898
271 3120
700 3974
1827 5045
1621 1635
271 5032
2476 2476
980 980
922 1137
1900 2790
145 302
2085 3043
1137 1791
365 2476
1668 3187
2382 2382
3470 3470
564 2960
1980 1980
331 834
138 2614
401 5051
269 2085
636 1833
271 3429
406 780
651 1020
93 3845
365 5185
535 2742
76 257
366 4037
365 5076
407 919
992 2774
271 2975
915 1137
143 1383
2478 2861
138 601
1137 2184
747 1648
957 3885
539 3001
0 3089
1382 1730
983 2747
0 2888
1130 1904
365 2230
377 988
2082 2919
564 793
1551 3053
271 1757
1790 2088
271 1473
1268 3017
523 568
1108 1108
1137 2903
3186 3186
271 3037
135 1129
1259 3539
636 1278
1882 1882
1591 3238
957 2627
1335 1904
783 5129
1897 2753
271 271
2384 2956
1131 4919
700 984
1179 3095
1959 3901
2437 2437
271 2490
248 636
1667 1667
800 903
1356 3996
2022 3827
190 636
1406 2220
890 1942
2316 2869
138 680
1397 4998
263 263
1137 2302
365 5001
138 591
81 1551
264 285
983 2774
868 1904
563 565
1614 3250
683 3535
272 1999
911 1137
807 2632
2554 2554
0 1137
743 2600
365 924
1137 2843
271 2993
2783 2786
2161 3127
988 2468
2697 2748
1904 1909
636 1306
1672 2145
1137 3042
1475 1475
145 960
572 3950
1960 3721
271 275
271 3495
378 1998
680 2442
271 5305
783 4012
138 1268
271 1525
988 2077
1106 3675
365 5121
1815 3105
271 2933
783 2721
1355 1704
589 589
572 1003
271 377
1553 2976
5120 5120
2987 2987
271 1211
903 1024
1160 3426
1219 1219
1101 3608
1928 1936
1404 1635
365 2264
2547 2547
1259 1259
1900 4037
1110 3485
1490 1490
584 1170
636 1511
72 3508
271 5112
0 1460
2468 3295
0 2607
1872 4014
3888 3888
2114 2601
2254 5302
1048 2748
1908 2061
372 591
1137 3515
72 2492
2779 3832
365 1738
365 1114
271 2234
55 2988
312 313
5065 5171
365 1060
1896 2804
1136 1137
271 2416
1975 1988
827 831
564 2248
1137 2398
1139 3021
77 1928
1137 2332
1166 1947
764 1137
1871 2687
608 2068
572 2656
41 5045
1110 1341
365 1243
2088 2915
143 271
526 543
2085 5155
761 764
0 1560
331 1883
365 2132
2007 2689
834 2716
848 2145
912 2261
599 1137
365 3662
1352 1737
764 775
1137 3580
2876 3001
1137 1323
1268 1274
365 3652
2088 5030
564 1457
521 3754
1137 2896
1011 3818
633 1137
2775 3974
358 1137
0 143
2093 2392
2007 3891
671 1041
2810 3565
577 3053
365 2286
985 2651
271 2238
0 102
1090 1115
636 1839
4952 4952
93 1268
1942 1988
236 564
1343 4935
365 1981
1355 1686
1909 3724
2819 3764
404 523
1536 2879
2758 2795
764 1664
700 2041
1893 1960
1137 2521
762 1626
365 1355
385 1987
257 2988
1906 2771
1137 5191
1205 1205
783 1872
271 5187
835 1583
572 622
365 712
980 3795
1782 4984
288 611
1235 3250
1352 3007
271 825
912 2125
1942 2689
356 1733
636 1277
236 1137
912 2114
241 1268
3429 5105
783 5130
1035 1909
1050 1050
271 3471
257 912
271 2489
2254 3606
365 2921
636 1854
957 2703
365 2826
1137 3409
1942 3792
1067 2250
1749 1749
1137 2371
271 2906
575 1002
365 576
273 1530
1137 2309
743 3169
2608 2608
2382 3119
407 1058
2235 4934
365 1209
271 1786
564 1024
801 3716
1237 2412
1371 3253
359 1137
0 1237
358 365
2254 2414
1100 2414
2254 4935
783 3698
1320 1904
2328 5202
76 637
1352 1597
1137 2921
3041 5188
93 1137
3876 3913
890 3611
749 764
1137 2842
1137 1635
365 1381
1760 2478
636 1305
1226 1268
410 2159
1061 1137
1431 5002
2474 3130
271 2523
3207 3207
365 1560
1035 1883
1406 2144
138 138
270 564
271 2493
1782 3549
1791 1791
1059 2085
365 2942
0 257
1005 2639
1268 2307
32 143
271 2302
1692 1694
271 1467
401 523
2254 3498
271 1505
271 1528
1137 2284
379 379
93 382
572 572
1787 1787
3187 3258
40 1137
2786 3786
365 1219
399 674
868 912
81 1137
896 1352
2254 2824
1137 3734
365 3026
636 1518
271 5111
912 1553
564 591
0 1459
783 3574
2894 4922
271 5007
3921 3921
1745 5268
138 272
365 868
271 4912
834 4008
1012 3712
1896 3897
2548 3034
1591 3196
680 2581
2088 2298
271 3878
1574 1574
1051 2520
1585 1698
271 2439
138 700
271 2233
888 2616
365 2971
2769 3711
365 1055
356 3199
2033 3721
313 2382
271 2953
1670 1670
988 2816
1108 3543
564 1883
1259 1779
2384 3675
344 995
1137 2257
138 1081
1137 5219
1224 3052
302 2635
1137 5136
2114 3108
1013 3798
310 2286
1137 1474
743 827
365 2151
271 3118
72 3630
1137 1692
680 2836
1137 5267
654 654
678 1502
551 2633
271 3637
2114 2581
1783 2125
0 5014
1900 1951
81 3131
541 2163
1108 2013
636 1838
365 680
3513 5156
365 2903
1137 3411
510 1355
365 3547
138 565
625 3740
190 496
1108 2343
857 1727
673 909
2478 2863
2220 5134
730 950
2031 2687
2608 5322
801 3705
1472 2237
988 1437
143 3727
138 564
1137 2236
1382 1729
834 1942
365 3060
271 3156
583 2238
272 1894
77 2634
381 2125
1137 2941
1883 1942
2107 2107
749 1653
365 2085
378 3866
1015 2658
0 2457
351 706
1756 2254
572 3720
2392 3099
1942 2692
636 1276
1137 2216
402 1075
356 1672
912 1397
2085 2315
833 2106
885 3832
271 2590
93 143
783 1508
1008 2635
271 2488
2254 3605
2921 2921
912 3727
0 27
636 1853
0 3454
795 1072
1051 1268
378 2545
271 2905
572 1008
595 907
2706 3316
271 1265
1081 1904
743 3145
2818 3949
365 5002
356 1490
53 63
1355 2384
365 747
19 2091
747 1617
1137 2089
564 1944
400 856
1024 1942
1137 2494
376 2684
1043 2022
1137 2232
1745 2087
979 979
1406 3844
641 982
138 912
1137 2717
93 236
1137 5083
2103 5097
697 1137
257 523
923 2025
1161 2938
523 564
1137 4013
26 912
523 1352
271 2037
272 3793
1074 2125
271 4962
1108 1872
591 618
365 2518
636 1304
912 1137
1268 2254
1537 2536
1320 3417
381 1319
271 3722
0 3665
0 85
564 1541
2114 2171
271 3396
365 1051
271 5303
365 2941
687 1139
1137 3465
564 2489
271 2301
143 568
1370 1691
271 2161
912 1262
271 2833
0 3179
764 1621
1745 3526
143 912
271 2729
958 3822
1137 5228
2835 3166
2346 2891
957 3962
409 1070
2254 2823
1238 1238
271 5217
1467 1467
365 3025
636 1517
1355 1539
1268 3690
1137 1343
1137 2916
636 1414
890 1049
1137 1695
271 905
1704 3195
2061 2061
365 1399
747 774
1959 1983
271 3633
1044 3808
99 1316
1137 1753
998 3788
93 2301
93 523
2662 2706
783 4930
2085 2559
2125 4907
1356 3931
2535 3597
1942 2067
366 3978
988 1894
912 1352
0 1777
1355 3203
1137 3627
1708 3360
143 2516
1137 1148
568 1137
271 2854
0 3156
764 1638
730 940
912 1192
819 5065
1137 1445
365 4925
1145 1478
23 81
845 1137
783 2017
271 1754
1421 3149
1900 4063
1356 3597
325 2516
683 1137
356 2545
1811 1942
750 910
2063 2663
288 744
1137 1324
523 1335
797 4028
271 3636
143 3004
747 1268
365 2470
271 3536
636 1858
402 1052
365 2370
271 2564
0 25
1140 3041
365 2287
680 4924
783 2981
2774 3942
3021 3021
0 4954
2098 2098
636 1837
385 1015
1370 1608
398 530
3313 3313
1130 2302
3673 3673
1137 3416
642 2302
1930 1941
271 5240
1137 2393
398 1560
1355 1688
0 3408
575 2762
1108 2342
2234 2501
1320 3023
271 2403
271 1384
2545 2545
154 2516
1137 2524
1137 1425
912 2614
1352 3521
365 1260
1689 3183
1432 3096
0 2991
608 1883
1335 3646
348 1008
1881 1881
272 668
2103 5124
271 576
272 2818
271 3155
1904 2125
1137 1358
783 3539
1137 5342
365 3580
2125 3100
271 3142
0 2456
1356 1745
365 3492
0 244
1010 1885
271 833
2145 3186
272 2576
115 115
271 2487
783 2963
1137 3167
0 26
366 3874
976 1357
912 2343
785 2024
2343 3278
93 1193
1411 2323
783 2698
1137 3680
365 5101
572 1011
1085 2749
993 1048
1137 2166
910 2085
1137 2088
1274 1274
2712 3985
271 3930
1008 1048
952 1108
271 1739
363 582
1353 5008
785 912
2738 3832
93 2254
572 2053
54 365
402 3073
622 3768
272 1925
575 1904
403 2384
271 3086
1137 2840
236 279
271 5061
3585 3585
572 2114
1423 5002
1214 2506
1555 1602
636 1303
3772 3772
277 1320
1137 3028
564 1268
820 2965
272 975
777 1137
2636 3921
1406 2125
365 1113
2125 4898
331 813
1016 2788
365 5250
2545 4965
2078 2903
1137 2433
271 2300
2058 2058
608 1562
271 2832
888 3868
138 628
1137 5012
987 1902
1553 3168
271 3463
1137 1462
1137 2085
271 1155
572 2692
1137 1566
1481 1481
1268 2078
636 1516
2510 2849
1137 1480
365 2125
636 1413
1872 2614
797 4036
221 636
365 2552
1031 2676
272 3710
2384 2389
72 271
1013 2820
271 1110
0 5133
1227 2241
1406 2979
2468 3186
138 698
912 2316
314 1341
2022 3896
1406 2458
143 3517
1137 2403
2118 2118
271 2085
271 1370
1591 1599
45 1122
365 546
271 1320
1137 2603
952 952
2474 2836
1901 4034
947 1108
2085 5216
402 1429
1137 2260
2578 5364
271 680
636 2192
1137 1393
0 3010
0 1211
2029 3809
365 3033
1888 2618
260 1690
951 951
3947 4048
21 81
59 63
272 3871
2609 2609
0 1390
636 658
487 636
271 1487
271 4932
272 1031
1010 1966
2104 3472
1012 3790
365 2472
49 743
1137 3004
1061 1108
3822 3822
0 2283
676 1357
2085 2341
1008 2739
138 2988
271 2563
912 1378
138 1352
271 3518
1903 1988
2974 2974
46 302
271 976
272 349
1067 2227
1137 3488
1160 2436
271 5338
176 190
1971 1971
1160 2118
271 1553
1048 3743
1725 2468
272 272
271 2345
271 2088
1587 2145
857 1728
523 1541
271 2973
271 1445
93 2085
271 1335
1354 3837
622 808
1211 1211
271 1383
365 1271
271 783
1438 1438
1022 3857
1137 2240
5000 5000
957 3805
1893 2623
1335 3649
0 1544
1137 2648
1137 2946
0 3552
564 850
271 5166
1602 1725
378 2722
132 145
1030 3781
3324 3324
115 2928
271 4935
271 794
636 1282
747 1629
356 1670
365 2409
888 2003
1406 5230
912 2548
379 1989
2415 2478
1242 2478
1760 4934
365 1093
271 2256
271 5267
1602 3327
636 1852
1406 2418
271 933
365 1764
193 636
783 4952
365 586
120 1137
225 2988
358 1185
1108 1591
1716 3187
2848 5141
1027 1027
2334 2334
2585 2585
365 3096
2468 3772
1160 3119
271 5083
636 852
272 2699
271 3085
1351 1792
58 358
2384 5057
1137 5310
271 523
523 1358
521 523
143 1268
1099 1355
365 1382
636 1310
271 3688
272 976
696 1016
345 2672
271 2535
672 2392
0 2121
0 3670
895 2742
271 5301
1090 1090
1355 1656
1137 2432
0 1967
1745 3610
591 783
507 808
365 5030
564 3566
833 2427
138 2286
912 1883
2737 2737
1043 2009
2085 2128
382 2754
0 1528
641 1893
1137 3832
1356 1421
636 1515
783 3676
1137 1479
271 5109
523 540
1137 3386
0 1093
2114 5099
138 271
365 1396
238 827
1137 1797
680 2585
271 1109
673 1212
148 1551
762 764
0 5025
271 3514
834 909
1160 2533
3087 3087
0 4971
1226 1226
271 2519
271 3422
365 1056
314 1342
1122 5261
991 2737
1602 3183
2698 3877
3802 4012
400 523
271 2413
566 2891
379 832
1137 2402
1014 2073
271 2084
77 1932
30 2085
271 1319
273 3187
1356 2615
1137 4932
2145 2145
93 2343
3043 3043
1137 1223
1019 2636
1137 5141
1364 1371
2474 4895
572 1914
93 3517
376 1357
1137 2964
608 5094
271 5136
2123 5260
1060 1060
271 5029
271 917
2063 3749
857 3307
272 3732
272 507
365 3455
3852 3852
1074 2085
271 824
143 1352
523 1406
583 3470
513 523
4940 4940
608 677
2125 3164
0 2968
0 2148
1357 1421
271 2353
1815 3579
591 1345
272 273
680 793
2103 2895
3041 3047
912 4905
271 1444
271 1334
775 775
3287 3287
365 1270
145 523
385 1904
1656 1659
1137 1260
1900 3997
608 1881
1137 1202
1893 2624
1335 3648
271 5185
2297 3177
272 2816
0 380
3083 5120
272 2675
1357 2647
1683 2468
1160 3054
2384 5024
331 347
3098 3098
760 1659
844 844
0 276
857 3267
365 3487
138 747
1406 1817
783 3389
1635 3210
636 1281
1553 2397
302 591
2085 2407
356 1669
2384 2904
942 1137
77 1085
271 5193
1764 1904
271 3468
271 2485
372 2706
783 4969
271 2383
783 2868
912 2341
385 1010
1942 2007
2275 2392
271 1568
638 2262
1145 5210
356 3246
86 936
236 1268
1611 1737
1268 2450
833 2422
271 1462
1130 3463
138 1553
523 1383
912 2224
358 1184
1406 3696
3857 4066
1381 1743
1646 1659
3316 3316
1462 2125
1904 3720
523 1137
271 2670
2632 2632
1406 3427
3266 3266
1906 2652
81 635
58 2437
678 678
365 3001
1547 5113
271 5082
807 2615
2175 2175
358 2281
93 2610
764 777
0 2539
2510 3030
1357 2965
1913 1919
3638 3638
365 596
887 979
365 1379
365 2446
636 1309
365 3417
2165 2165
785 2843
1217 1371
405 523
68 81
2392 5055
271 2609
271 3491
611 679
783 1268
912 988
0 2
1539 1539
3453 3453
968 1933
1137 3385
2777 2777
409 523
1356 2445
890 2722
747 772
833 2426
138 627
764 1618
572 575
1137 4940
271 1154
2007 2015
271 667
1137 2468
271 1797
0 3122
1320 1340
1352 3995
564 3476
363 3301
1012 2766
271 1741
651 2660
110 143
1883 1883
365 1466
564 1777
365 2114
1252 1338
1904 1969
747 763
1698 3218
1137 3084
271 3630
379 1973
19 143
2078 5247
1591 3192
1108 1325
271 1108
365 1079
271 2230
2125 4909
0 71
988 2005
365 2876
48 1330
271 2412
1009 2023
1421 2537
48 263
81 357
143 953
271 2325
572 980
0 1745
1591 1597
1319 1319
1602 1700
1137 2444
687 3648
1536 2173
325 2285
509 509
2017 3981
2297 5311
1137 5222
1562 2036
271 5243
622 1904
1262 3585
271 5135
257 564
1393 3110
564 598
700 3971
783 5221
365 2468
93 3104
1137 1749
756 910
365 2371
568 912
3933 3933
365 1134
271 1067
271 2460
138 1358
1137 3195
3177 3177
888 2645
2024 2794
636 1842
636 1849
241 241
385 1016
2085 2437
988 2028
365 2900
680 5082
636 1868
0 1881
365 5179
1942 3772
827 827
223 1137
572 967
271 2087
1743 4978
147 610
271 1443
2268 2268
93 365
285 636
365 1266
1268 2588
1236 2085
0 2967
590 1192
271 2784
138 1051
1406 3013
1656 1656
344 2766
30 81
2076 2328
1137 1379
609 808
271 1561
2068 2668
1586 1595
285 423
1218 3014
1137 2927
365 3684
2679 3999
743 2468
1137 1665
271 2031
271 5055
1137 3137
572 777
1149 1192
271 4956
636 1280
755 771
138 224
783 5105
1343 1343
271 3837
74 116
2078 5229
4910 4910
608 2812
988 3983
93 145
365 1100
413 1782
572 2351
1312 3593
271 2987
1421 2468
2793 3972
271 2254
271 5265
1421 5037
2253 2253
1079 4936
365 2837
2147 2891
271 1567
577 2828
271 1501
572 1024
365 1365
271 2115
2128 3004
833 2421
2437 5205
957 957
808 884
138 1137
116 2144
1704 2891
1356 2512
1137 2497
2631 2632
271 1793
365 1213
272 1352
783 2602
998 2765
238 2957
271 1738
365 1320
1031 2665
1874 2774
700 700
271 5210
1137 3045
54 2336
1312 1312
271 4979
1137 2845
236 281
1406 5088
575 887
2478 2934
636 1308
912 1135
271 3686
271 3582
912 2478
1130 2846
1524 3805
1709 1709
224 988
1177 1591
271 5299
564 2224
271 2320
236 523
928 1137
5 302
572 997
754 910
833 2425
1208 1208
365 1325
271 1207
912 1881
1137 1463
1533 2085
365 1236
708 1004
80 271
365 1216
271 1193
365 3137
659 1137
625 1893
1872 3855
2103 5073
725 778
636 1521
2004 2623
365 1165
636 1417
2637 3883
998 1971
46 1223
155 409
1011 2719
365 2550
365 3454
1137 3083
912 2079
235 565
2085 2418
0 5112
1009 1015
5123 5123
958 2014
608 1811
2618 2684
271 2558
1524 3743
339 341
1689 1692
680 4911
271 2435
365 1081
749 768
1114 1114
354 705
1335 2894
2795 3748
1136 1136
145 365
596 2545
1904 2343
26 271
2789 2789
988 1897
271 2324
2114 3012
1137 2333
1591 1596
409 537
2468 3947
1137 2605
365 659
0 3158
1137 2530
271 2752
241 936
1137 2263
762 1732
2872 3451
3427 3427
1137 1553
257 603
271 3074
302 1942
622 783
2125 2483
1230 3656
63 2864
1571 3269
385 599
271 5027
349 625
271 4930
271 3656
1356 1877
0 2432
1547 5269
1041 1357
2468 2751
365 2119
1019 1019
2078 2078
912 1051
365 1133
1035 2821
365 910
565 963
1355 3183
1130 5184
636 1841
2063 2468
651 961
564 1397
238 319
783 1789
827 828
352 1792
564 1433
3074 3526
1355 1692
1137 1893
2114 2756
576 1768
271 2971
1710 3242
680 3018
271 1463
1394 2137
365 2237
545 2661
1998 1998
358 783
1137 1201
564 3523
1137 2748
783 3067
138 629
81 120
523 680
1055 2352
2668 3710
636 636
378 3883
2637 3707
135 3667
271 846
272 3800
1137 3136
2125 2254
238 3699
81 145
636 1279
62 745
917 2168
783 5100
2679 3751
783 2308
260 260
1553 2374
785 2875
2005 2005
365 1090
925 1764
1536 2986
1743 1743
87 2085
413 3673
1355 1600
1137 1959
1618 1618
2618 3941
365 587
271 2114
143 1024
2125 2861
833 2420
888 3832
81 2306
238 238
1902 1902
2145 2589
116 712
2632 2634
975 3726
1241 1241
625 1977
1137 5086
271 3501
271 1580
3888 3947
271 3083
1872 2665
507 621
564 4940
365 915
366 1137
2786 3965
1972 2019
271 4958
1006 2012
636 1307
1356 3863
1235 1675
405 1084
272 979
0 849
271 3581
0 2324
228 2330
2392 3159
680 3397
2169 2169
0 80
636 1843
2536 2938
1959 3775
272 331
271 2407
271 1532
680 3541
365 2840
787 1090
2150 3673
1490 3313
568 568
833 2424
365 5020
764 1619
143 2085
227 887
1137 2266
406 2166
1971 2636
1906 3717
1356 3074
1262 3107
1092 2156
1431 1779
1872 2676
138 1008
1137 1568
0 3060
2458 2458
2392 2452
764 767
1764 3419
858 2786
1137 3736
1010 1019
365 590
2125 2181
1268 3684
272 625
2125 5322
381 1406
0 5291
401 3481
143 564
396 523
178 636
271 3629
526 1488
680 2332
1108 1904
1335 3003
2232 2232
680 2583
844 1698
1745 1745
2516 3645
1689 1689
1035 1960
271 2455
1406 1492
700 1022
2125 4963
313 2600
1906 3833
271 3419
271 5330
1343 4949
377 3860
271 2323
271 2083
680 1236
271 2952
271 1439
912 2836
1615 1615
1137 1591
396 528
1137 3552
572 2618
1177 3323
1137 2529
564 5364
762 1645
365 3160
1137 2449
399 544
365 2219
1674 1727
2392 3403
2392 2557
1137 5121
2794 2794
2709 2810
912 3130
1352 3780
2036 2036
260 1600
749 910
271 3137
143 1320
785 2569
138 257
2165 4960
1891 2668
1010 1957
1406 2852
1904 2059
490 636
385 1108
1397 2067
365 795
2005 2696
365 2365
2618 2682
400 657
1903 1903
675 2286
839 1683
3731 3731
783 4912
263 912
2282 2282
636 1840
1137 3491
1137 3418
564 1434
1137 2382
903 903
1137 3600
572 2808
365 1268
636 3898
584 1361
1733 1733
3074 3554
3099 3099
680 3164
1137 4915
93 1544
2170 3041
138 978
365 2223
783 3068
913 3213
271 1768
1137 5117
2890 3517
1108 2614
572 1881
564 4954
2205 2988
575 1950
1406 2170
143 1335
271 3055
654 3986
636 1286
512 523
3047 3047
1904 1988
356 1667
1745 1762
3034 3435
564 1335
271 1137
2618 2706
912 1055
271 2586
138 143
143 2836
1571 1591
629 2669
365 2307
1355 3306
1035 2709
143 1065
1942 2024
337 611
909 3177
365 591
365 584
271 2113
2022 2625
62 1137
833 2419
951 2113
1893 1900
263 2449
1925 1925
1782 2139
1139 1139
1872 1942
2631 2634
271 1791
365 2257
2114 2126
2632 2635
3752 3752
365 1155
1137 5174
331 2033
712 1137
365 5291
405 1576
1881 2019
272 2703
1624 1624
769 3215
2114 3623
568 778
769 1652
3212 3212
365 3600
651 671
365 2545
2848 3666
1356 2064
1235 1712
213 636
1574 1591
743 1506
271 2607
584 2141
564 2298
2905 2905
2254 3499
271 1096
1430 1430
597 2384
143 1492
271 2406
1988 2059
783 1167
2630 3792
1051 2078
271 1482
680 1904
365 5027
608 988
833 2423
813 1137
0 564
767 1625
1137 2555
1544 2333
1137 2471
271 3110
1231 1231
263 1330
797 2626
2392 3418
909 912
589 2216
1878 1896
636 1519
572 1352
2876 2876
958 2749
325 325
636 1416
138 304
1352 2667
378 3802
72 1050
2292 2297
3763 3913
572 3772
1137 3081
271 3628
2429 3460
1335 3002
1137 3008
1235 1702
1553 2254
1406 2892
1382 2145
683 1767
680 5010
138 697
1024 3926
381 1553
271 2454
912 1777
2392 4913
680 907
3221 3221
263 842
365 2877
1904 2341
0 1904
1524 1764
0 2165
762 3214
271 2322
0 1944
2107 5136
946 3391
1778 2254
1591 3317
93 785
3811 3811
1739 5256
604 1172
0 1704
365 4955
764 1642
1177 3324
1137 1237
1137 1446
271 1410
138 572
1530 1530
1702 3328
2125 3459
77 77
271 1811
401 856
2468 3849
777 777
1014 2699
365 727
271 1752
1553 2591
1067 3460
1137 1498
2751 2793
143 610
1137 2950
378 2005
356 857
272 3880
365 3576
1137 2873
116 1268
272 3776
2668 2701
2766 2821
356 1589
272 1035
365 2477
68 1816
2468 2655
1137 1786
3996 3996
1335 3025
2606 4919
2200 3002
1467 1808
271 5197
1779 1779
1903 1904
0 93
1008 1947
1406 2333
0 4950
636 1847
730 2085
1726 1726
2114 2919
114 808
1508 2125
827 830
0 680
271 1346
224 572
2012 3720
1406 3534
833 835
365 1267
399 511
271 1243
344 1008
1710 1710
365 1259
2296 2296
1702 1707
370 1137
143 1944
1137 1382
1871 1872
1481 2088
403 523
636 816
783 3069
365 1553
365 2996
1137 2947
271 3078
1108 1130
2129 3129
1137 5344
331 344
3871 3949
783 3449
331 2766
1624 1698
591 1038
2074 2780
636 1285
365 1782
912 1081
399 5089
1406 1424
579 3689
0 2343
783 2700
271 5025
383 1172
700 1071
1057 1653
2026 2616
608 2100
0 759
518 523
271 1566
2085 3453
3547 3547
271 2927
1137 3662
5105 5105
3187 3262
375 1798
2088 2127
271 1460
271 2901
1137 2090
365 4997
379 923
365 1211
1137 1242
954 987
143 523
6 72
754 1098
833 2110
63 912
0 1193
762 3612
2637 3802
1137 2579
2637 3904
1409 1409
1137 5312
1100 1268
747 3212
1357 2878
803 2618
857 3292
272 3796
271 3058
2128 2128
729 1034
2468 2706
1235 1713
1137 1769
272 977
2377 3565
365 2339
272 385
2636 3819
1137 3227
2088 2255
365 2963
351 611
1325 1872
143 379
1906 3759
413 3549
507 874
271 1531
1366 1366
1137 2012
1268 2328
3264 3264
15 1050
924 2478
271 1481
2084 3593
1008 1010
1199 2425
2736 2795
1051 3695
764 1627
1700 2468
1635 1655
1137 2264
2894 5033
784 1172
1137 5009
1104 1105
1357 5000
998 2618
1137 1409
608 794
1695 2468
271 1191
72 148
2085 2268
591 896
1745 5058
758 1642
3593 3686
834 2674
0 1469
572 630
813 1356
3273 3286
2468 3275
2709 2709
983 1023
272 2613
2069 2820
636 1415
1137 2826
1137 1613
1382 1382
769 769
1137 3087
912 2078
1835 1858
2872 2879
271 3532
1235 1613
1192 1568
0 798
271 3511
2863 2863
1024 3797
2344 2344
1192 1407
312 3001
365 2872
747 1137
2349 2349
271 2321
77 1935
1137 2336
1591 1593
410 1162
957 1981
259 611
1921 3946
93 2929
129 129
365 1024
1137 4995
572 2620
1057 1177
1659 1659
271 1810
1524 2705
1268 1541
3034 3107
143 1872
2125 2590
871 872
0 3036
1211 1869
1536 2559
584 3764
1137 1502
365 1529
2847 2848
523 1343
1137 1325
1137 2872
1137 1671
271 1999
365 1422
2173 2365
0 2489
2953 2953
572 1437
231 365
1079 2609
1137 3059
2636 3726
365 2465
1368 1368
271 3553
522 523
1356 2180
2069 2708
0 4984
1406 3750
0 3533
1648 1650
1871 2664
636 1846
912 2334
1137 2052
271 2276
890 3752
564 2286
2539 2539
238 2476
