7716 1857
271 7545
1547 1547
833 834
572 2821
271 4544
271 3440
868 1130
0 5394
271 314
271 2286
271 6931
1942 2474
365 2238
107 3466
2468 2891
1035 4416
1553 7091
365 7121
271 7556
7033 7465
3707 4305
365 2928
271 7040
271 833
1035 1981
7 7
2145 3186
3792 4200
564 4956
2125 5690
584 5756
2891 7031
1872 3707
271 2911
107 7102
1352 2777
271 7157
1904 1942
0 26
912 1130
271 2889
271 5641
378 2742
1137 1738
271 6945
358 7409
271 599
1764 2474
1137 7498
271 5045
608 1901
808 2468
2891 7336
2891 6412
1782 6137
2784 3792
365 2988
2891 6226
2468 5747
0 523
2891 6132
6417 7006
271 7441
3517 6252
2264 7038
271 2043
93 743
271 5959
678 1764
2891 7456
107 271
2891 6313
271 5084
2443 2891
271 325
1797 5242
271 6435
365 2108
1024 4046
2468 7095
271 5061
3041 3041
1008 2654
381 3517
890 890
833 2109
271 6218
2321 2321
2891 5475
365 2105
365 2322
365 523
365 5553
783 2150
3466 7006
17 257
912 1981
2891 3617
890 4168
1035 3753
2286 3408
0 5392
2104 2176
890 4416
107 833
271 6975
2891 5756
2891 3398
143 808
271 3617
0 4
93 271
2722 2722
271 6969
271 7443
4168 4533
365 7167
1137 6252
859 5684
3596 5540
1564 2891
138 2125
868 1135
271 5662
365 2125
1904 4060
0 1268
1872 2614
3792 4168
1051 1051
1137 5871
271 6201
271 2443
1915 4305
608 777
365 7081
2102 2104
868 2437
2022 4156
400 5374
36 2988
271 4343
143 1553
271 1110
2104 7442
271 3607
365 1130
15 81
2238 7170
1872 4186
365 6137
2700 4466
271 7481
2889 2889
1051 5643
1352 2722
1137 2254
142 143
271 6978
271 2085
2891 6350
238 2120
365 1406
365 2562
7 81
143 591
271 5600
271 868
0 1130
5342 5342
257 365
0 2088
1901 1904
271 7120
0 3041
271 572
1179 2085
5550 5550
365 6412
3408 3408
3330 3330
271 1782
1137 2387
2784 4416
5684 5684
385 572
2891 3517
3621 7496
1137 5600
1051 5042
912 2254
385 1009
868 2088
138 382
572 1904
397 410
912 914
3096 3096
365 7210
578 2891
271 6157
912 1319
564 5980
93 1872
271 6488
2891 6975
314 3145
271 1450
365 2478
2891 6240
2145 2821
868 2891
143 2988
271 7033
7 1792
271 5338
379 379
783 1137
0 1054
271 5042
1352 3826
1013 3994
1137 6215
2172 2468
1130 2891
378 608
107 143
271 783
365 6994
629 1915
572 912
271 7419
7299 7299
599 2891
1893 2623
1048 1901
143 2254
0 1544
2891 5352
3728 4469
365 6423
868 1081
2891 3445
271 7607
2759 4416
0 46
0 5393
2891 6135
912 3517
1352 3769
808 3720
988 2891
1901 2043
608 1024
1051 3632
119 912
1379 1379
107 6306
5713 5816
365 2409
365 2828
0 5747
271 2281
701 3720
2476 3559
271 6426
272 608
6170 6170
1901 2742
365 7498
990 4376
3517 6497
271 7156
0 25
0 783
271 2888
1782 7240
257 1137
1800 2437
2891 7194
2891 6386
1137 7538
868 1108
2022 6643
572 3918
271 7526
356 2468
120 1137
625 1035
1137 6937
601 3889
3241 4636
1137 5949
365 5392
17 2988
868 1901
4346 4346
73 2891
7061 7110
3565 5391
365 7128
93 2891
572 2056
1893 4416
868 1406
1137 5393
747 913
1872 3811
1137 2478
365 365
271 3564
271 7436
365 2107
1035 1872
2377 2474
912 2474
271 7342
143 1268
5190 7040
272 377
769 788
833 2108
46 2891
1160 2476
365 1382
379 1137
365 5332
138 523
3131 5815
1137 3720
81 350
365 2321
0 2121
0 2872
365 912
1137 6173
271 2835
0 2254
143 1464
5819 5819
2700 2891
0 6171
3241 3241
0 5391
2437 2614
2891 6458
2891 5391
2891 5151
2891 3474
2358 2891
591 783
271 4305
2474 5499
25 5816
143 5816
1108 5798
2706 4186
272 808
138 2286
572 2029
566 6927
1764 2082
868 2341
365 599
1035 2742
271 6471
2647 2777
523 2125
764 868
312 2382
846 846
5662 5662
2891 6385
2614 3517
1918 4322
783 2264
2468 3683
783 5641
271 1151
377 2742
271 7455
271 5916
2364 2891
0 2085
138 1012
564 6122
1008 1872
313 314
912 2377
1137 1797
6 1551
0 5935
2088 7148
1893 2891
2891 7169
14 271
271 5021
1553 5042
523 833
271 2437
1881 2991
1137 6170
271 7335
2991 6599
271 5333
1915 1915
400 523
1137 6205
2891 5553
1352 1872
1553 7022
1137 1335
3946 4305
272 3889
0 1782
2891 5460
747 1698
271 7299
271 5018
143 833
731 2891
1051 6979
747 1051
271 7124
912 5662
326 5684
238 326
1051 2891
365 833
2088 2443
1343 2821
271 7294
271 5573
2481 2891
1901 2991
93 572
365 4956
365 1343
1137 5547
365 2474
957 4266
2382 2468
0 2286
566 566
236 2891
20 584
365 5156
271 1054
747 2125
2007 2694
914 4266
2082 2082
7394 7394
236 279
868 1343
271 824
271 6277
143 1352
523 1406
2409 5662
4940 4940
271 7538
608 1872
857 3241
34 81
1901 1921
2392 7556
271 6382
2891 6988
1137 2114
2043 2474
271 5337
271 5151
1130 5201
271 358
271 6423
2623 4292
365 7481
143 1051
728 7364
5332 5332
365 1270
385 1904
116 2107
1035 4060
3764 3832
1035 2991
2891 5690
572 810
271 5036
608 1881
271 5953
271 7247
747 1343
2304 6386
2377 2377
7006 7006
564 6252
783 5330
1137 5959
783 6310
564 2891
2891 5888
0 7139
271 6166
1872 1918
271 273
2891 6506
25 868
271 7022
0 98
271 5948
138 868
138 747
0 7375
783 1464
0 34
271 6391
257 591
379 2799
783 5600
141 143
1270 7250
271 3720
271 6924
365 2320
1110 3683
2085 2085
2891 5422
6552 6552
93 6291
3703 3703
238 365
1051 1193
859 6312
365 1352
564 3652
2891 6215
325 365
912 2341
1011 3742
271 6301
120 5906
143 2286
271 4988
0 138
5394 5394
273 747
2784 2784
859 3683
271 2478
2307 2468
0 2125
81 143
747 1024
1137 6051
2043 4466
138 1553
6170 7310
2145 2891
2891 5395
523 1137
145 257
271 5661
743 5710
868 988
1872 1904
365 1024
747 912
1008 2891
365 3617
912 6147
572 3948
271 6433
29 1121
402 523
143 1406
0 4305
2683 4322
833 2107
143 2928
271 6962
271 6217
279 418
21 783
912 2286
365 5331
868 1268
0 5899
1885 4395
2088 5948
914 1927
271 7449
1137 5242
365 7560
1464 1464
912 2468
912 988
271 3621
271 7180
271 5201
2088 3409
0 2
0 6170
1942 2043
138 1130
271 7081
138 271
365 2043
1343 2891
2891 5392
783 5018
1927 1927
6171 6171
365 7156
271 6350
143 5815
2891 5928
356 1137
5816 5906
365 7434
0 6423
365 5242
2793 4761
1137 4940
2286 2444
1130 2341
2891 6367
5330 5330
271 1797
271 7210
783 5573
271 6470
378 591
1137 2341
138 1010
12 81
3409 3409
833 2112
5305 5305
1137 2286
350 2928
378 1901
1137 5460
271 1008
143 1130
868 2988
2891 5575
3563 3563
271 1406
365 5338
271 7092
2828 2891
271 6036
271 5754
896 1872
7296 7296
5460 5460
1137 5305
1942 2991
1008 1012
2891 5055
365 5042
783 7526
271 7367
107 7156
2891 7552
2110 3509
833 2111
912 5084
1872 3946
33 143
365 783
271 7386
2891 3600
365 1792
1160 6312
271 2538
5374 5374
1942 3728
271 7452
2286 2382
1921 6688
518 2742
572 4322
777 2474
777 1343
271 5332
783 5655
3517 5818
365 6171
271 912
314 3559
1872 2474
2891 5745
107 6466
1319 1319
3621 3621
523 564
2872 2872
7102 7102
3811 4406
365 7283
365 2150
1035 2033
365 564
1137 3670
2104 3330
271 7375
120 2125
1872 3994
1137 7336
747 988
143 868
3509 3509
2891 5540
2043 4376
2437 2891
777 1942
990 4346
0 2150
271 7133
2891 7488
271 2358
1800 5918
331 2468
2707 4533
271 7484
271 5342
365 6978
365 2468
912 1904
2005 4322
2106 2106
912 3509
120 912
271 5022
271 1067
990 6800
0 833
2891 6973
0 2478
271 7128
271 6979
4168 4416
783 2891
271 3652
271 7031
2085 2437
2891 7496
1130 1137
7095 7095
1137 1319
1130 3565
5815 5906
6497 6497
365 572
0 4342
1008 2706
143 1343
2891 6327
138 764
271 1758
271 5167
7112 7112
2891 7476
93 365
34 271
3273 3330
365 2392
26 1135
271 6072
3517 5515
2889 3517
1137 1379
271 5392
2888 2888
912 2988
0 1547
591 1981
1872 2007
2056 2707
2098 2114
5553 5553
2891 4944
271 6122
599 599
564 1904
783 5331
783 868
2108 2108
764 2468
1137 2364
5393 7294
101 564
271 5055
2395 7415
238 2468
2468 4657
572 777
331 2988
271 4956
271 1343
1352 2668
365 5394
2457 2891
271 6977
2891 2988
2 143
1901 2451
0 257
4168 4168
1210 1422
2891 5779
0 7439
271 7250
271 7332
365 2706
7061 7169
1541 7229
3517 3600
1137 5575
116 868
1013 4346
0 5475
1382 2872
344 3719
3683 3683
564 747
783 5664
72 912
572 1893
81 808
271 3574
365 5758
747 1130
2891 5547
572 4416
4396 4396
2120 5894
365 2700
378 572
572 591
271 7561
138 1137
379 4319
1137 2125
272 1921
1268 2341
271 5733
271 1564
564 5925
272 1352
591 747
2891 7105
2891 5139
1137 6952
1067 6109
6310 7384
271 529
2891 7210
0 6927
365 5902
0 36
236 365
93 6471
365 5333
3079 3079
1352 2033
1745 4945
1872 2668
365 728
271 7435
783 5550
365 2109
0 1051
783 3506
271 7341
11 2988
572 2759
1137 2700
118 120
833 2106
2888 3517
1137 6511
912 1135
2307 2891
271 7521
939 939
2891 2934
271 2304
271 6345
912 2478
572 1035
0 271
81 566
365 2323
272 572
271 1745
271 2145
0 4175
3517 4940
912 985
2891 6381
1782 5547
271 5855
81 5375
1464 5819
599 912
107 5238
3517 5460
1872 3771
271 2320
1872 2654
783 6942
271 6211
1051 1137
912 1811
2891 7026
2891 5925
1137 6961
2891 3409
365 777
271 7394
868 1137
271 6013
2451 2474
912 6423
2120 2120
1137 1406
271 1193
783 6339
1081 1464
2614 2722
1352 2815
1137 7247
1051 4416
2891 5818
272 1811
365 5337
6386 6386
1137 2474
2085 2891
783 7433
783 4988
1008 1013
271 7281
5333 7565
365 3454
868 2474
2891 5188
1335 2395
2654 4175
356 2145
0 5112
912 6212
2102 3509
271 5680
833 912
608 1811
912 7106
72 143
2891 5036
783 7342
783 5460
107 7455
914 4295
0 6157
868 3693
564 868
2392 2444
302 608
143 379
271 5331
26 271
1035 3728
93 912
3517 5819
271 2324
783 7243
2392 5733
0 591
1108 2082
138 1942
272 6666
868 1553
382 1904
276 6423
271 7477
272 1008
625 1904
271 313
2891 7112
5948 5948
2742 3873
2476 2476
1904 4396
890 1893
1137 1553
271 7139
271 6366
0 890
302 1942
1151 2891
783 3621
912 3186
2463 2891
2468 5710
365 2891
1942 1981
271 2427
2382 2382
271 1544
271 6138
5818 5818
3513 3596
2891 6417
2444 2891
385 599
5899 5899
1893 1893
1942 2007
834 1035
143 2451
271 2863
5342 5928
890 1942
365 2172
833 3063
107 365
2891 6051
271 5492
271 5775
912 1051
240 2988
271 7011
1035 2821
138 601
2748 2748
378 1008
272 4396
143 5906
1160 3145
1130 5499
1319 5547
272 2694
2891 5795
2891 4593
539 3001
1137 5819
1137 6313
5581 6171
314 2382
2891 6171
5391 7117
2005 3756
1137 1893
2005 2005
271 2474
93 7299
143 1050
271 3670
271 7493
868 1335
783 5333
271 6291
2891 7125
271 6171
2007 2114
5391 7095
143 2891
2891 3512
271 5391
378 1035
2678 2678
3241 3330
1137 2748
143 365
3 5815
1885 1885
271 3664
1008 3707
783 5332
271 6066
271 271
859 5894
868 3509
859 2891
5281 5327
143 331
365 7119
271 6331
2437 2437
271 4175
2125 2254
365 1357
2022 2468
1137 6109
599 1406
11 257
2022 3827
365 5393
1901 4292
271 5644
0 57
1137 6423
6423 7452
2125 7038
1745 2748
5392 5392
143 783
2891 6496
271 2907
271 3466
0 2474
120 868
0 988
53 271
1335 6924
365 7037
271 6408
912 6072
81 1551
365 5871
271 5363
868 1904
238 1137
1137 5816
2341 2891
2891 7110
1921 2468
7336 7336
608 1904
143 1024
236 912
271 7560
271 6403
868 2102
3506 4945
1901 3707
271 939
0 1137
2799 2799
2891 5393
271 1792
107 1335
5065 7020
271 6438
912 1343
2562 2562
912 2891
26 747
0 2145
2392 7254
271 5866
271 2392
3517 3517
2022 4073
564 4940
271 275
777 1908
314 1160
2891 7243
833 2105
93 7332
138 1268
608 3792
0 365
2114 5190
2742 2799
0 2324
846 3693
365 6036
2891 3079
6201 6937
1881 1942
1406 6097
271 272
271 1464
868 1051
271 1211
0 912
0 6426
0 939
2392 7460
365 5795
2891 6205
271 3095
271 3596
271 5899
365 2264
365 7335
1008 1008
271 2706
365 1108
5391 5391
6201 6201
19 5816
1343 4142
1872 3889
382 608
5460 7668
385 3832
271 2176
271 5112
271 5758
2991 4064
2891 6211
4593 4593
365 1160
365 3621
0 116
1137 5697
591 2125
1130 6382
271 747
2891 5819
143 2614
1048 2748
365 6937
272 625
138 833
2150 5369
2696 4416
7476 7476
5953 5953
271 2150
143 564
608 1942
271 564
5393 5393
0 2358
271 7483
410 5928
1035 3720
271 7384
271 5125
1745 1745
1379 2891
271 2614
868 2286
2114 6381
5333 5333
138 224
138 785
2104 2444
2707 5747
868 2468
271 5330
2341 2614
564 833
747 1352
143 271
271 2323
1547 6240
130 358
382 1942
1137 5756
271 6477
1942 4416
1901 3946
3517 5305
1008 1918
599 1137
81 2988
271 312
2891 6267
1382 1698
365 3652
1137 2891
0 4322
271 6497
2891 6173
2474 3001
2457 2457
143 988
1352 3780
2891 7492
3517 7112
0 143
833 868
271 6135
783 2320
271 6989
365 2286
365 3563
365 1100
1137 3617
1137 7011
0 102
783 5792
868 2085
365 1541
2286 7088
81 5816
1893 3948
0 7493
2005 2696
365 1981
378 6552
5547 5547
356 868
271 5936
2891 6971
2474 6226
6173 6173
271 7552
1054 1054
1406 5779
107 912
93 868
271 6267
912 7158
365 5180
236 591
271 7107
1137 5818
868 3517
1901 1942
1110 5710
572 808
0 3632
3873 3873
271 5374
271 7434
2891 6952
271 3042
1137 7407
0 107
107 7441
1130 3703
2867 2891
2891 4657
365 1268
1901 4062
271 6290
271 4382
2468 3792
1544 3509
143 747
224 1872
1008 4322
365 7125
1792 1792
0 819
271 2468
2891 5592
912 2125
143 2468
271 988
2 81
331 5906
236 1137
271 2872
572 1881
1137 2514
138 1035
2298 6076
1881 3728
868 1981
365 5547
1130 1921
257 912
143 1901
2891 5342
2125 2474
365 7341
271 709
783 5305
0 868
271 2891
1901 2683
271 5643
564 591
2392 2476
985 3703
1137 3409
764 769
365 5762
271 1137
988 1942
2891 6497
0 1406
138 143
1054 2082
2891 6949
523 2286
1137 3596
868 1738
1160 2172
747 2474
1553 7207
2392 7232
1121 2988
2474 2547
0 5758
912 1406
365 591
1901 2654
1137 5815
2991 3719
572 2037
1792 2891
365 584
0 2468
747 788
2891 6410
1110 4908
1137 5084
0 747
1210 2891
2891 5949
6312 6312
358 912
2272 2304
3041 5188
93 1137
2341 6366
1782 6968
1008 1035
3374 6226
271 5394
3574 5391
2395 2395
783 6333
271 7167
523 912
271 2899
1877 4342
584 3524
1901 3728
378 1942
6076 6076
2105 2105
783 912
271 6097
271 6458
365 3600
529 2468
271 2321
1024 2891
747 783
833 2104
1942 2722
272 1893
0 7187
912 3474
0 599
1343 3565
2468 6477
1872 4395
271 2514
365 6366
271 5297
2891 7121
93 382
365 5798
2474 2891
5756 5756
1904 2742
988 1137
868 912
896 1352
608 988
3559 3559
783 6328
1067 2614
2891 5664
331 2043
0 564
271 3697
523 2474
3753 6599
272 914
1137 5392
302 2468
271 2547
358 400
890 2793
138 272
365 868
397 523
107 7394
912 1764
2891 7159
912 6186
2694 2776
1160 2382
2088 2298
2891 7170
912 1553
1893 2641
3409 3517
81 5065
890 1904
314 1110
138 1406
107 868
12 12
138 344
3517 5756
1035 3719
271 7401
272 275
785 6977
608 834
1942 4322
313 2382
138 783
1008 4168
120 120
1137 5515
365 2463
143 1782
0 1904
271 7399
1013 2043
271 2322
988 1035
5332 7229
312 4544
325 2382
629 3873
1137 6949
271 6255
1927 2641
1872 2722
5394 7385
138 572
145 747
271 1811
271 7232
271 6994
365 5084
2109 2109
1008 1811
5394 6249
27 5906
271 2962
276 5392
2104 7088
271 6390
2562 2891
271 7037
271 6249
271 7270
356 857
1607 3186
271 7310
834 1901
868 1008
107 7133
272 1035
2891 7283
331 1035
365 5391
3513 5156
1901 4186
2828 2828
2286 2891
81 5815
5305 6489
1160 2120
0 1343
3474 3474
1008 4319
0 93
271 5935
1051 2043
143 2437
143 3517
365 846
2891 3670
114 808
1981 6666
271 6328
138 564
271 1130
810 4515
272 2647
385 608
834 1942
1872 1942
0 5332
1872 4064
2700 2700
271 3041
81 2936
0 539
783 6366
591 1137
365 3466
2647 2647
785 868
331 4319
572 1921
275 625
143 1137
2891 6137
418 2988
344 1008
1942 4168
12 584
2107 2107
2778 3769
365 2085
2468 3670
138 1904
912 2451
2891 6076
0 2988
2891 3096
271 6500
1921 4333
271 523
572 3720
833 2891
365 1553
385 808
2891 3179
868 1782
365 7011
2891 6331
331 344
1035 1908
2891 6488
93 143
912 3445
271 5944
1137 1193
271 365
271 7158
143 2474
0 27
271 6412
5855 5902
107 138
2891 5242
21 5375
365 1782
564 7097
29 1211
2891 6031
365 5281
747 868
1137 6306
2468 3728
572 1008
4200 4295
0 1553
84 1607
271 5352
518 523
365 747
608 890
272 990
1024 1942
599 7420
365 3398
0 2547
116 116
138 912
1024 1035
1464 7196
1137 3474
2759 3719
1137 1782
271 381
1553 3330
833 1137
46 271
271 6436
365 2088
572 2474
143 523
302 4319
271 6339
365 7033
6 72
365 5899
271 2264
271 5279
912 1137
1872 1901
365 5330
365 5882
2678 3889
2759 2759
271 7433
6423 6423
365 2106
2387 5690
365 5550
1037 2022
6051 6051
868 2125
365 1051
3719 3719
2468 2706
2891 7359
3753 4416
385 1942
1352 1942
271 7091
2377 3565
15 2828
271 7357
385 2731
379 4382
358 358
271 7460
608 2007
783 5845
0 5550
143 912
81 5906
107 5242
0 2307
15 1050
1942 4305
1130 7465
564 3131
20 81
138 629
1011 3918
1137 6496
5762 6011
833 2468
1137 5391
1035 1893
1137 1343
2891 7162
143 914
271 7207
2891 6358
2145 2962
0 7296
868 2614
2478 3096
1893 2678
378 1904
143 236
1872 4396
1051 2835
2104 2307
988 1885
5392 6961
914 1942
365 1464
1904 3753
564 912
564 5061
271 5795
890 1137
365 1335
93 6157
914 6800
808 4319
2286 2286
912 1352
107 564
1137 7156
365 6170
2891 6349
1406 1772
988 988
868 1024
0 1011
138 236
365 5460
101 2891
365 7061
523 783
365 2872
819 5065
1942 4142
747 1137
365 3720
1137 2888
23 81
271 7050
13 143
107 1137
271 7296
564 1792
957 1981
572 834
564 7026
1921 3946
271 7488
1811 1942
224 6552
365 5643
1942 2742
6252 6489
523 1335
1877 4343
365 1137
564 2145
2474 3273
912 1024
271 7542
2341 5916
358 2281
1137 6135
3517 6051
1012 2647
747 1268
2891 5792
36 36
523 1343
1137 2392
1137 2872
0 2891
325 5059
783 6979
365 1422
81 331
890 1872
365 890
868 1547
747 1335
1553 4305
107 7443
272 4414
2891 7281
257 2988
747 1553
2298 2298
912 1901
314 6312
2891 7439
1008 2066
783 2321
0 3408
271 6511
271 2457
271 7148
365 1547
2891 4940
824 2991
914 1981
271 7497
608 2056
572 1915
2891 7415
356 912
271 6147
912 6390
2264 7107
1921 1942
0 2991
2888 2891
5352 5758
564 2286
14 5906
325 539
