7716 3386
813 4305
271 7545
1901 4207
1547 1547
833 834
231 1137
271 4544
271 576
412 1984
1234 1693
271 3440
2395 5699
2683 4322
747 1664
1335 1548
868 1130
445 2988
783 5336
122 228
0 5394
271 314
271 2286
271 6931
1942 2474
365 2238
1624 1639
107 3466
2468 2891
0 2903
783 1739
2707 5747
1659 4616
1553 7091
365 7121
143 145
572 2821
277 5528
0 6316
840 2260
909 909
271 7556
3217 3350
7033 7465
3014 5906
3707 4305
365 2928
271 584
2647 2647
2963 6299
271 3436
271 7040
272 1871
0 60
3989 3989
1035 1981
7 7
1607 3186
49 2468
5025 5065
564 4956
2125 5690
107 6444
2891 7031
1872 3707
271 2911
5065 5906
107 7102
271 1270
834 1901
3845 4099
233 271
245 281
1352 2777
271 7157
1904 1942
0 26
1006 2761
912 1130
271 2889
271 3681
308 365
912 2343
81 1122
271 5641
378 2742
2478 2614
868 1268
365 5280
271 6945
358 7409
1099 2891
1192 2408
279 1137
271 599
1370 2474
3220 3220
1885 4395
1764 2474
5762 6011
1137 7498
271 5045
608 1901
572 2100
2891 7336
2891 7112
747 1352
673 5932
783 6339
333 611
60 279
1135 2474
365 2988
2891 6226
5394 6249
1635 3220
1274 1274
0 523
2891 6132
761 3333
271 7441
3041 3041
3517 6252
2614 2722
2264 7038
271 1739
271 2043
93 743
271 5959
678 1764
2891 7456
910 2468
107 271
925 2474
0 2143
2107 2107
785 912
906 2125
54 365
1137 7156
2891 6313
1547 6240
271 5084
30 357
308 2516
271 325
575 1904
574 2891
1797 5242
1035 4416
271 6435
365 2108
1901 4186
1695 4658
236 279
2468 7095
271 5061
1325 1325
1008 2654
3350 3350
365 6998
890 890
2665 3565
833 2109
2891 6385
912 2468
5699 5906
271 6218
373 2988
1210 2392
1099 1099
2891 5475
2152 5816
365 3675
783 5685
277 365
583 583
1137 5949
1160 2120
365 2105
365 2322
365 523
365 5553
783 2150
3466 7006
912 6153
747 3350
912 1981
271 3057
2891 3617
889 1893
890 4168
1035 3753
81 3290
2286 3408
3187 3261
0 362
0 5392
2104 2176
912 6072
44 143
107 833
271 6975
115 5906
868 914
1108 2235
272 575
2891 5756
0 2123
2988 3421
1130 5812
1051 1193
143 808
565 1043
83 2988
1472 2125
138 628
0 4
93 271
613 868
2722 2722
7061 7110
564 6122
2863 6421
2249 5815
2281 2891
1274 1464
66 6133
241 868
4168 4533
365 7167
1137 6252
3753 4305
747 1659
957 1352
93 769
609 808
1406 2412
747 749
912 5817
859 5684
0 5078
3520 5237
1551 3053
3596 5540
912 2238
271 833
138 2125
68 868
1872 2742
2436 2468
868 1135
271 5662
2891 6331
1904 2007
365 2125
81 795
0 1268
1872 2614
912 2492
3792 4168
2891 6173
1051 1051
1137 5871
271 6201
271 2443
145 2891
1915 4305
86 241
608 777
2437 2891
365 7081
2145 3186
277 868
2102 2104
868 2437
572 624
2022 4156
3436 3436
1137 2155
1695 4660
143 2437
400 5374
36 2988
271 4343
356 3188
271 2419
755 910
143 1553
293 293
2928 4970
1239 2828
1585 1607
271 1110
2891 5392
1921 4333
271 3607
35 5815
365 1130
379 571
15 81
2238 7170
1872 4186
1081 1137
868 2665
1380 1792
365 1693
747 766
2700 4466
1872 2816
235 565
1264 1490
271 7481
2889 2889
2455 2891
72 1137
1051 5643
228 6364
271 3218
1352 2722
142 143
3233 3329
1352 1630
1137 2903
271 6978
271 2085
5731 5906
2387 2392
216 279
568 747
2891 6350
4207 4416
356 356
365 1406
143 241
365 2562
7 81
1407 1568
143 591
271 5600
271 6260
238 327
914 4295
1212 2891
81 2152
1137 5393
2102 3509
271 868
509 1199
0 1130
2828 5110
2451 2474
580 629
257 365
277 1137
747 747
0 2088
6299 6299
553 718
271 7120
0 3041
143 1085
271 572
1179 2085
1137 2478
365 6412
908 5906
365 1591
228 2516
2474 3001
1335 5237
271 2510
1351 1792
143 1544
271 1782
143 2665
496 636
1137 2387
2784 4416
1325 2891
5684 5684
385 572
712 5815
1693 2891
2476 2476
3621 7496
1137 3613
487 636
749 755
1137 5600
1051 5042
1130 3703
271 2343
868 2088
138 382
1672 1672
271 825
572 1904
397 410
1893 2793
912 914
641 4382
3096 3096
365 7210
578 2891
138 2988
912 1319
6417 7006
1235 2468
385 608
564 5980
93 1872
159 169
2891 6975
314 3145
107 145
2891 5608
271 1450
271 7129
764 1502
365 2478
110 1782
143 2125
572 575
868 2891
912 2100
143 2988
271 7033
7 1792
271 5338
1672 3187
379 379
1406 6097
271 1553
825 2155
81 352
0 1054
6201 6201
271 2088
271 5042
1137 5678
1013 3994
1137 6215
2172 2468
1130 2891
378 608
68 143
5118 5608
107 143
1804 1804
365 1006
365 1271
271 783
398 523
365 1600
365 6994
629 1915
507 883
259 834
1137 1738
1693 1693
572 912
271 7419
833 2108
372 572
912 1325
2299 5816
494 636
100 360
508 2988
599 2891
1160 2476
1782 6329
1893 2623
0 6299
1048 1901
143 2254
0 1544
2125 2903
2093 2392
758 1635
365 6423
868 1081
2891 3445
54 271
271 7607
156 4319
1600 1600
271 5352
0 5393
579 1137
271 764
1137 2510
564 850
377 2816
833 1137
230 377
1011 1011
143 5224
785 868
1792 5906
2474 4979
808 3720
132 145
988 2891
386 718
115 2928
608 1024
1051 3632
81 115
0 1006
119 912
1379 1379
107 6306
608 1811
356 1670
572 1871
365 2409
365 2828
271 659
0 5747
808 2468
599 955
701 3720
143 3237
271 1635
365 5741
103 271
271 6426
1335 3649
272 608
143 785
1335 3577
3409 3409
1901 2742
138 568
688 7074
0 3003
271 6328
2891 6412
990 4376
1137 3593
3517 6497
271 7156
2412 2482
0 25
19 610
66 3421
271 2888
1600 4590
2180 2180
81 2914
257 1137
1800 2437
2891 7194
2891 6386
5394 5394
1137 7538
868 1108
1137 5812
2022 6643
271 598
572 3918
271 7526
356 2468
1782 6137
120 1137
625 1035
1137 6937
601 3889
131 2395
1137 1159
2891 7110
225 2988
1110 2441
783 7243
3241 4636
680 868
143 1235
2088 3409
116 1549
81 2936
17 2988
868 1901
1693 2468
2392 5733
4346 4346
73 2891
5550 5550
271 277
764 1659
2468 2476
1264 1670
3565 5391
133 133
365 7128
71 81
996 1043
93 2891
752 910
572 2056
1893 4416
271 3693
868 1406
30 358
747 913
1872 3811
764 3350
915 2891
365 365
271 3564
813 1904
868 2123
510 2891
271 7436
365 2107
1035 1872
271 2593
912 2474
271 7342
3421 3421
761 1107
143 1268
5190 7040
272 377
357 358
271 2824
93 6391
46 2891
1081 1274
365 1382
379 1137
488 636
0 5237
912 1185
365 5332
138 523
1137 4950
1137 3720
81 350
572 2678
271 3720
1038 1872
507 6591
747 3210
0 2121
0 2872
365 912
647 718
278 1038
1137 6173
271 2835
143 1464
138 624
5819 5819
271 1213
1670 3187
138 1548
912 1149
0 6171
3241 3241
385 808
271 7477
3187 3262
0 5391
0 5119
2891 6458
2891 5391
241 271
3001 3001
769 4616
1137 1688
2891 3474
2358 2891
2303 6055
271 1186
591 783
271 4305
0 1218
2474 5499
25 5816
507 808
350 5906
747 748
143 5816
1782 3436
0 5811
1137 1804
1108 5798
2706 4186
272 808
138 2286
572 2029
566 6927
507 873
787 5543
80 2891
271 6114
2903 5566
1764 2082
868 2341
365 599
1108 1137
1335 5583
271 6471
2468 3670
2647 2777
7394 7394
271 1422
1176 1177
312 2382
507 1872
846 846
2437 2614
624 914
749 4621
2614 3517
271 1961
893 1942
1918 4322
783 2264
905 5678
1031 1872
575 1984
2468 3683
507 881
1137 1479
271 5661
271 1151
81 5266
3185 3290
2891 5151
564 5489
271 6962
271 7455
271 1051
3753 3753
0 1093
2364 2891
0 2085
271 3499
138 271
1130 5876
273 1652
409 523
238 827
271 3120
0 5876
313 314
833 2112
1137 1797
6 1551
143 754
913 913
6284 6284
906 5906
1893 2891
2891 7169
107 5552
271 3606
4950 4950
912 5084
14 271
271 5021
1553 5042
148 1551
2387 2387
0 5025
764 1664
271 2437
180 920
1881 2991
1137 6170
912 3445
756 910
1652 3217
2991 6599
2891 6349
271 5333
1915 1915
400 523
1137 1193
2891 5553
356 1690
1553 7022
3792 4200
566 2891
955 2816
271 6122
3946 4305
272 3889
1901 4099
712 712
0 1782
2891 5460
271 6977
271 7299
0 257
1108 1325
1804 3069
143 833
2668 2678
30 2085
271 7139
747 1051
271 7124
749 750
912 5662
81 5496
409 1318
326 5684
45 81
1099 3235
827 2476
0 1108
238 326
4322 4322
107 546
552 718
365 833
2463 2891
289 1051
84 913
2088 2443
1343 2821
1130 5742
271 7294
271 5573
753 3210
6150 6150
2481 2891
624 1008
1950 1984
4153 4153
1901 2991
93 788
93 572
49 1228
365 4956
133 2516
365 1343
1 2125
365 2474
957 4266
2107 2885
912 3186
0 2286
566 566
1110 5710
236 2891
20 584
381 1335
365 5156
365 1138
912 3421
81 223
271 1054
2911 3118
81 5045
747 2125
912 3218
169 279
2007 2694
914 4266
272 507
2891 5036
2082 2082
4382 5906
6226 6226
1024 4046
868 1343
271 824
4417 5741
271 6277
143 1352
3065 3509
238 306
523 1406
2409 5662
1872 6838
762 1635
2891 3593
94 2988
143 261
4940 4940
81 2306
939 939
777 2474
608 1872
857 3241
0 5585
785 2891
650 718
34 81
1901 1921
2392 7556
868 1544
143 2440
272 1038
2891 6988
365 1479
747 1642
1137 2114
841 5731
271 5337
2891 5139
2104 5545
365 5281
271 5151
271 5489
749 1663
3513 3596
77 4319
1235 2474
1006 1035
1130 5201
0 5586
279 329
1568 5906
0 6304
1137 6306
1149 1568
1137 1591
2623 4292
365 1544
365 7481
909 2468
143 1051
775 775
271 3158
728 7364
3233 3233
365 1270
5045 6153
1804 5906
758 6500
145 523
0 6463
385 1904
2872 2872
54 5065
138 1319
116 2107
24 116
2867 2891
271 6934
1656 1659
30 143
813 4382
2891 4657
2891 5690
93 138
572 810
564 889
271 5036
608 1881
271 1078
5566 5566
241 365
572 1008
748 910
747 1343
1137 6055
2377 2377
7006 7006
1006 4095
564 6252
394 5906
764 868
0 45
1137 5959
271 6286
271 4382
2093 2380
2891 5888
0 7139
764 767
81 3237
271 890
271 6166
1872 1918
271 273
2891 6506
25 868
271 7022
1798 2988
0 98
271 5948
138 868
138 747
0 7375
783 1464
272 2012
0 34
271 6391
257 591
785 1137
72 2134
783 5600
141 143
1217 1235
272 275
601 814
491 636
1087 1662
745 746
271 6924
365 2320
1110 3683
2085 2085
912 1335
2891 5422
365 579
93 6291
0 3002
3703 3703
238 365
143 5274
859 6312
87 5906
747 2100
608 1031
365 1352
81 110
564 3652
3290 5274
2891 6215
5342 5342
325 365
868 1325
912 2341
2235 2235
1011 3742
271 6301
3675 3675
0 6357
890 3916
120 5906
1038 1038
1137 5547
143 2286
271 4988
0 138
271 1135
273 747
86 936
77 1931
81 1981
138 145
859 3683
1137 5575
271 2478
2307 2468
0 2125
1217 1693
2874 2874
81 108
81 143
747 1024
365 7033
2043 4466
3237 4539
2468 3218
580 611
6170 7310
868 2100
5065 6297
2145 2891
2891 5395
1693 4739
523 1137
145 257
223 5906
3235 3329
783 5641
271 7266
1137 1192
743 5710
365 3398
257 2197
833 835
868 988
611 2669
365 3001
279 424
1872 1904
365 1024
747 912
1008 2891
238 262
93 2610
572 3948
66 6148
5756 5756
271 6433
29 1121
402 523
1894 1901
233 4319
143 1406
2 81
0 4305
747 785
271 2823
758 3218
3187 3189
833 2107
143 2928
377 2742
271 5205
143 223
271 6217
1137 7524
382 3845
584 5756
279 418
507 870
21 783
912 2286
365 5331
261 912
116 116
271 5916
2088 5948
2903 6284
1035 2991
2468 3728
1186 2891
405 523
68 81
914 1927
271 7449
1137 5242
365 7560
2400 2420
2468 2717
3210 3211
628 1872
125 279
2516 5443
912 988
271 3621
56 1211
271 7180
271 5201
0 241
0 2
252 271
0 6170
1942 2043
138 1130
138 1012
107 1093
271 7081
1885 2618
271 5094
523 2286
365 2043
3187 3259
1343 2891
565 808
868 2343
271 1656
81 1184
783 5018
1927 1927
1137 2514
2341 5916
365 7156
271 6350
143 5815
143 2235
2891 5928
356 1137
764 1618
2085 3001
509 509
365 7434
0 6423
1008 1872
507 872
365 5242
551 718
1137 4940
6055 6055
2286 2444
1130 2341
2891 6367
3408 3408
5330 5330
271 1797
271 7210
890 4416
1667 1727
783 5573
0 596
271 6470
103 5342
3499 3499
378 591
1137 2341
747 3220
138 1010
12 81
80 80
365 1401
610 2299
5305 5305
1137 2286
350 2928
1051 2891
378 1901
1137 5460
3517 5515
271 1008
107 7471
143 1130
868 2988
144 2395
2891 5575
507 880
3563 3563
271 1406
365 5338
271 7092
110 143
2828 2891
271 6036
271 5754
896 1872
5460 5460
0 2828
1137 5305
1942 2991
1239 1551
107 2874
1008 1012
37 271
2891 5055
365 5042
2759 3719
783 7526
271 7367
107 7156
2891 7552
2110 3509
2022 4073
1464 5819
5581 6171
833 2111
1137 5464
1218 1218
58 2891
145 375
608 2673
1872 3946
761 4612
33 143
365 783
271 7386
236 2988
365 1792
271 1108
1160 6312
145 607
271 2538
2891 3398
81 2081
1670 1670
1942 3728
271 7452
793 912
2286 2382
1921 6688
518 2742
572 4322
365 1079
271 7538
572 1998
747 764
777 1343
2114 5139
2125 2474
1093 5065
764 1640
271 5332
0 568
783 5655
81 357
1137 5819
271 1160
143 953
3517 5818
271 3617
650 692
366 366
0 3648
365 6171
271 912
1008 2717
107 7368
3188 3188
314 3559
6312 6312
1872 2474
3131 5815
100 564
107 6466
560 1009
3621 3621
2891 5352
2344 5731
523 564
279 279
1108 3693
7102 7102
139 331
3811 4406
365 7283
365 2150
2005 3756
81 940
1035 2033
74 116
365 564
365 3593
3502 5731
1015 2065
2088 2269
769 1640
2700 2891
0 1079
523 833
5205 5906
1137 3670
2104 3330
271 7119
271 2243
271 7375
0 103
1137 1138
116 564
1872 3994
1137 7336
764 1652
747 988
1006 2678
143 868
40 5815
1894 1894
365 5817
143 2343
2043 4376
2678 2678
564 598
575 808
147 5815
31 145
985 3703
777 1942
990 4346
0 2150
598 5906
271 7133
0 955
2891 7488
271 568
271 2358
1800 5918
331 2468
1006 1137
271 7484
271 5342
365 6978
365 2468
279 474
912 1904
81 2143
2005 4322
2106 2106
912 3509
568 912
7519 7519
690 718
120 912
271 5022
271 1067
990 6800
0 5584
0 833
30 5906
271 2460
2678 6694
1137 1544
0 2478
271 7128
271 6969
915 915
271 7443
81 1351
783 2891
271 3652
5816 5906
271 7031
2085 2437
2891 7496
2114 2235
1019 2991
485 636
72 3053
1130 1137
827 827
1352 1352
7095 7095
1137 1319
1130 3565
5815 5906
6497 6497
75 610
223 1137
365 572
81 2299
572 967
611 4319
0 4342
1008 2706
143 1343
394 2928
2891 6327
138 764
147 610
365 5063
271 1758
271 5167
7112 7112
2891 7476
0 1359
116 143
914 6800
93 365
912 7165
34 271
1472 2085
365 5381
3273 3330
145 912
365 2392
808 1872
2891 7125
2253 2863
1352 1872
138 1051
1656 1656
271 6072
30 81
3186 3186
2889 3517
7299 7299
610 1343
1137 1379
164 279
271 5392
2888 2888
0 1547
591 1981
1872 2007
2056 2707
3520 7181
914 914
2098 2114
912 6260
718 1981
285 423
2891 4944
1137 1335
0 2395
599 599
564 1904
783 5331
1894 4305
3235 3235
783 868
613 2891
271 272
762 3218
81 6185
1137 2364
2104 3118
0 246
5393 7294
101 564
271 5055
271 847
146 2988
238 2468
2468 4657
572 777
1149 1192
271 4956
1031 1942
271 1343
326 3645
912 925
523 1051
755 771
138 224
365 5394
139 145
271 2213
2891 2988
749 1502
2 143
3529 5543
1652 1652
271 5018
2145 3187
2707 4533
764 775
4168 4168
271 1138
5333 5333
365 2319
2891 5779
0 7439
314 5536
271 7250
271 7332
365 2706
7061 7169
2392 7232
1541 7229
2218 5572
5107 5906
1121 2988
1274 2891
3517 3600
363 1235
116 868
1013 4346
0 5475
868 3517
1382 2872
731 2891
233 233
344 3719
3683 3683
564 747
783 5664
72 912
572 1893
81 808
2147 2891
271 3574
1051 6979
365 5758
1137 2235
577 2828
747 1130
3241 3330
2891 5547
47 2007
271 596
572 4416
4396 4396
1078 2238
5731 5964
2120 5894
365 2700
378 572
572 591
271 7561
81 5274
138 1137
379 4319
272 1921
81 269
271 5733
271 1564
564 5925
365 1213
272 1352
591 747
2891 7105
390 718
1070 1318
868 2145
365 1051
859 3559
138 344
1184 2260
252 1211
271 529
656 2828
143 1764
0 6927
365 5902
0 36
135 2510
236 365
93 6471
365 5333
1006 1942
659 2125
1352 2033
1745 4945
54 2336
365 728
271 7435
271 4979
783 5550
143 155
365 2109
0 1051
2468 2706
66 365
236 281
271 7341
1008 3707
11 2988
572 2759
365 905
1137 2700
118 120
833 2106
81 100
2888 3517
1137 6511
912 1135
2891 6973
2307 2891
271 7521
764 2468
868 1264
143 1115
271 2304
747 788
912 2478
572 1035
0 271
81 566
365 2323
272 572
2286 2286
2914 5906
271 1745
271 2145
143 568
1900 4382
3517 4940
392 547
912 985
2891 6381
1177 1591
271 5855
81 5375
143 914
3944 5499
599 912
66 81
507 877
107 5238
271 1104
3187 3260
3517 5460
1872 3771
238 271
271 2320
1872 2654
358 2281
783 6942
365 1218
746 5731
390 548
2304 6304
271 6211
53 271
5 302
2474 5808
1137 5084
868 1235
6171 6171
2891 7026
1235 4790
107 108
2891 5925
2400 5543
754 910
1163 3301
1137 6961
2891 3409
36 1798
750 910
5553 5553
783 6333
241 241
365 777
271 7394
868 1137
271 6013
271 5759
912 6423
2120 2120
1137 1406
143 2306
1234 1235
271 5542
1553 5028
2891 5819
271 1193
2516 5295
1942 3792
3520 3520
747 769
766 3218
272 372
1352 1981
1159 3041
1137 7247
1051 4416
3187 3187
156 4382
2264 7107
507 879
272 1811
1585 1585
365 5337
5906 6271
81 394
2437 2437
895 1872
1137 2474
2085 2891
2384 5118
783 7433
783 4988
783 5932
1008 1013
271 7281
133 3001
5333 7565
747 762
749 3333
365 3454
868 2474
2468 3186
1335 2395
2436 2476
2654 4175
228 271
579 2437
356 2145
0 5112
912 6212
3041 5188
365 785
271 5680
833 912
143 269
145 606
912 7106
2104 7442
2341 6366
1223 3185
81 546
1782 6968
72 143
988 1942
783 7342
1901 2451
783 5460
107 7455
365 920
0 6157
764 3210
868 3693
564 868
2392 2444
302 608
81 87
608 2007
271 5331
2043 2474
145 365
783 5845
5094 7519
26 271
1035 3728
93 912
5320 7575
3517 5819
2321 2321
271 2324
2384 5024
0 3647
52 2143
378 892
0 591
1108 2082
1008 1998
666 1782
138 1942
272 6666
36 7211
868 1553
382 1904
4401 4402
368 2012
2005 3727
276 6423
1335 2891
1704 2474
3517 5305
0 3158
769 788
272 1008
625 1904
271 313
0 2307
955 3792
241 936
3114 3114
5948 5948
2742 3873
747 1137
912 1635
10 5906
6173 6173
5065 6421
762 764
1904 4396
890 1893
1137 1553
84 1591
271 6366
0 890
302 1942
1151 2891
1137 1177
783 3621
564 5542
2443 2891
2468 5710
365 2891
1668 3187
1942 1981
271 2427
2382 2382
271 1544
271 6138
236 636
103 103
271 5470
5818 5818
610 2249
2891 6417
107 606
2444 2891
385 599
1704 1704
5899 5899
1900 3989
1893 1893
1942 2007
834 1035
143 2451
1553 2891
16 81
269 2085
2903 2903
271 2863
546 5906
5342 5928
5065 5543
120 143
365 2172
523 912
385 1894
1637 1641
833 3063
107 365
69 81
2891 6051
228 307
686 3499
271 5492
271 5775
912 1051
66 564
365 574
240 2988
271 7011
1035 2821
71 271
0 5583
6170 6170
365 1099
138 601
905 2088
2748 2748
378 1008
372 893
272 4396
143 5906
2562 2562
3079 3079
271 3163
1804 3588
1160 3145
608 869
2104 6150
1319 5547
143 1181
272 2694
2891 5795
1904 4060
2516 5437
2085 2380
2891 4593
539 3001
2085 2614
352 1792
1137 6313
271 6150
314 2382
145 271
2891 6171
905 5224
912 2437
1137 1656
1137 1893
576 1768
2005 2005
414 3466
868 2238
271 2474
26 1135
2238 5971
93 7299
2091 5816
143 1050
382 624
271 3670
564 793
271 7493
868 1335
783 5333
271 6291
143 1138
2384 5577
4207 4207
2094 5543
1335 2874
271 6171
2007 2114
271 2577
6076 6076
138 4416
143 2891
2891 3512
271 5391
378 1035
2105 2105
1051 1137
378 4207
912 1235
1137 2748
761 1662
59 564
1704 2891
143 365
3 5815
730 944
1031 2665
1885 1885
868 2085
600 808
271 3664
912 2988
271 5078
783 5332
1635 1642
107 2468
400 574
795 2891
2891 7210
271 6066
1704 3235
230 379
271 271
859 5894
890 1942
868 3509
859 2891
5281 5327
271 846
365 7119
271 6331
762 4616
155 409
783 3066
572 611
2125 2254
365 1357
2022 2468
81 145
783 6310
1137 6109
599 1406
66 3614
5811 5811
11 257
2022 3827
365 5393
1135 2468
1901 4292
271 5644
0 57
1137 6423
417 2988
6423 7452
2125 7038
1745 2748
5392 5392
143 783
2891 6496
271 2907
1104 5065
271 3466
2928 6271
0 2474
138 680
354 4319
1528 5543
120 868
0 988
1335 6924
365 1090
3235 4725
365 7037
271 6408
414 2891
81 1551
2891 3600
365 5871
868 1904
271 5363
1782 3549
87 2085
365 2321
1172 2510
271 6942
238 1137
833 2104
2341 2891
32 584
1618 1618
1921 2468
59 912
1900 4319
365 587
7336 7336
3753 4416
608 1904
766 1630
1137 5816
783 2963
143 1024
625 1322
608 794
236 912
271 7560
52 783
271 6403
0 5496
2389 5608
156 2085
1635 1635
868 2102
3506 4945
1901 3707
271 939
0 1137
356 4579
563 565
271 1792
107 1335
2891 5592
5065 7020
271 6438
912 1343
2012 2012
912 2891
271 5063
2891 6358
1228 2476
156 868
0 2145
2392 7254
1335 3648
271 5866
912 1138
279 422
271 2392
267 271
4153 4417
60 2988
271 5654
1210 1422
572 2717
372 1965
271 7434
388 392
775 1698
271 275
868 3186
777 1908
365 915
314 1160
912 2377
1942 2742
2891 7243
81 5529
1564 2891
833 2105
2324 7106
81 99
1006 2012
365 3014
1095 2863
138 1268
608 3792
100 143
783 5764
0 365
2114 5190
271 2303
271 6382
2742 2799
680 5265
0 2324
846 3693
3727 4099
16 5906
2108 2108
3420 5336
365 6036
143 7469
0 80
6201 6937
747 758
1881 1942
1067 2614
107 2828
271 1464
868 1051
54 5906
271 1211
0 912
0 6426
272 331
912 2235
2392 7460
365 5795
398 574
2891 6205
271 3095
271 3596
11 109
787 1090
5080 5731
271 5899
365 2264
365 7335
591 785
0 5063
1008 1008
271 2706
365 1108
365 5731
568 568
1343 3565
271 3613
1319 1319
2395 7415
19 5816
107 7181
1343 4142
1872 3889
382 608
143 2085
5460 7668
385 3832
1137 1453
271 2176
48 66
271 5758
143 1108
2891 6211
365 1635
2700 2700
271 907
868 1635
107 5464
365 1160
365 3621
0 116
1137 5697
277 7030
591 2125
1130 6382
271 747
2100 2474
2377 2474
2891 5393
112 2269
99 107
143 2614
354 4382
365 6937
372 591
272 625
1650 1650
138 833
2150 5369
271 6463
2696 4416
5660 5660
303 718
5953 5953
271 2150
143 564
608 1942
747 761
55 2988
5393 5393
312 313
1652 3220
5065 5171
0 2358
271 7483
365 1656
3774 4153
143 5496
365 1464
224 6552
1035 3720
1406 2891
271 7384
271 5125
575 1872
0 1122
77 4382
271 2614
868 2286
2114 6381
1818 1822
1223 3186
2516 3645
77 1928
3227 3227
271 2455
117 281
2816 2816
747 1624
271 2228
764 1137
107 3598
572 572
868 2468
271 5330
1184 1184
2341 2614
41 5045
3509 3509
293 4319
271 358
564 833
1243 2235
271 5122
747 1138
143 271
2891 6943
271 2323
3613 3613
0 3646
130 358
382 1942
761 764
1137 5756
271 6477
564 5061
1942 4416
1901 3946
143 1087
1008 1918
2155 2155
599 1137
26 747
81 2988
2382 2468
271 312
3001 5530
2891 6267
1872 1885
1382 1698
238 5536
108 2517
365 3652
914 1981
1137 2891
0 4322
1095 5065
271 6497
0 3578
2392 2557
2336 2336
1618 3218
1137 1137
988 1137
143 988
0 6114
81 2516
1335 1335
1352 3780
2891 7492
583 1130
3517 7112
260 1600
25 4355
749 910
143 2341
0 143
833 868
271 6135
783 2320
2891 3517
5332 5332
271 6989
912 3420
365 2286
365 3563
1635 1650
365 1100
1137 3617
138 257
868 2235
1137 7011
271 2238
0 102
783 5792
271 567
688 3499
365 5392
747 1652
365 1541
2286 7088
81 5816
0 1600
1893 3948
0 7493
365 795
2005 2696
365 1981
90 1137
5547 5547
244 2392
0 2894
356 868
1006 1006
271 5936
2793 4761
2891 6971
5374 5374
2474 6226
4579 4579
912 5764
271 7552
1054 1054
1035 4060
1406 5779
155 155
2172 2172
107 912
93 868
271 785
271 6267
5375 5572
120 2125
3764 3832
912 7158
365 5180
236 591
271 7107
1137 2237
1137 5818
1635 1664
257 2988
1901 1942
10 81
572 808
0 3632
271 5265
271 5374
271 1081
564 4940
2891 6952
2455 2455
271 3042
59 81
646 718
1137 7407
0 107
75 5815
107 7441
272 4402
0 5241
76 2988
365 712
385 1009
365 1268
5662 5662
1901 4062
271 6290
288 611
584 1361
2468 3792
402 2475
1544 3509
761 761
365 1257
143 747
753 910
747 3231
224 1872
365 568
1008 4322
905 905
365 7125
1792 1792
0 819
3727 3845
271 2468
38 1093
912 2125
143 2468
1901 4095
271 988
271 5953
1108 2614
331 5906
236 1137
271 2872
572 1881
366 1137
272 2678
138 1035
1650 3218
2298 6076
1881 3728
2205 2988
271 887
1035 1908
868 1138
1050 1050
868 1981
365 5547
988 988
1130 1921
257 912
143 1335
143 1901
2891 5342
2104 2307
302 2468
3218 3218
271 709
783 5305
0 868
0 785
271 2891
1901 2683
107 907
271 5643
1050 2828
564 591
2392 2476
410 5928
3870 4030
1137 3409
271 6157
764 769
365 5762
1624 1630
74 145
271 1137
523 591
365 2094
2618 2706
2891 6497
0 1406
365 576
138 143
1054 2082
815 1871
745 5731
2891 6949
93 7332
1137 3596
868 1738
145 1137
138 236
912 7043
1051 7570
1160 2172
2891 7281
2468 3613
747 2474
1553 7207
1079 1137
747 1618
2474 2547
0 5758
912 1406
365 591
1901 2654
223 4319
1137 5815
2991 3719
572 2037
1792 2891
359 1137
365 584
0 2468
730 940
0 79
766 1635
271 6345
365 2872
1130 2468
2891 6410
271 6488
1110 4908
998 2618
783 5330
0 747
1210 2891
2891 5949
365 2180
358 912
81 261
2272 2304
610 2091
909 912
564 2891
93 1137
1942 4142
730 2914
5906 6404
1745 1745
749 764
1352 2815
1008 1035
1137 1635
564 5529
783 2218
3374 6226
271 5394
3574 5391
2395 2395
272 376
107 120
747 775
58 5205
568 2891
271 7167
93 2260
81 840
279 415
143 2088
271 2899
1877 4342
2468 2748
365 764
81 2468
584 3524
107 6284
1901 3728
271 6316
378 1942
5045 5906
366 3989
912 2665
766 766
783 912
271 6097
271 6458
568 778
365 3600
1782 2829
529 2468
271 2321
564 5078
564 5038
270 564
1024 2891
747 783
2891 6240
868 2451
764 912
2145 2821
365 1318
1942 2722
2085 3333
369 1137
279 416
768 910
24 5815
718 732
272 1893
3187 3263
32 143
0 7187
747 1325
912 3474
1318 1318
0 599
179 279
2891 7159
2457 2891
584 2141
69 825
2468 6477
868 925
1872 4395
271 2514
365 6366
2081 5906
2888 2891
271 5297
5045 5045
2891 7121
93 382
271 3187
507 875
1268 2341
365 5798
2474 2891
81 369
3187 3258
912 5063
40 1137
1904 2742
69 107
575 575
957 1981
868 912
2380 2380
1406 5499
896 1352
608 988
3559 3559
783 6328
912 3613
100 822
2891 5664
331 2043
2088 2298
66 5020
564 7026
1635 3210
0 564
2872 2891
2384 2384
419 2988
271 3697
523 2474
3753 6599
272 914
1137 5392
783 1137
365 7341
244 365
271 2547
358 400
0 3137
890 2793
718 4319
271 1192
138 272
365 868
93 5239
605 4469
397 523
107 7394
405 509
912 1764
72 3120
138 1108
262 1160
844 1591
1234 1234
1352 3769
912 6186
2694 2776
5906 7272
1160 2382
271 1112
813 813
2476 3559
2891 7170
912 1553
857 857
138 304
107 5731
3409 3517
1585 1698
81 5065
0 939
890 1904
314 1110
1352 3826
572 2007
138 1406
813 4319
93 3727
2088 7148
107 868
12 12
271 5336
3069 3509
314 2441
1067 6109
3517 5756
1035 3719
0 3114
1270 7250
785 6977
6310 7384
608 834
1942 4322
355 1130
242 327
313 2382
672 2341
783 2468
138 783
3333 5274
365 5470
3968 4207
1942 2100
143 2141
241 1137
1008 4168
1163 1346
120 120
1137 5515
764 1688
365 2463
2384 3675
392 551
143 1782
0 1904
87 143
271 7399
1984 1984
1013 2043
271 2322
138 1081
988 1035
1872 2668
312 4544
764 1641
74 74
143 1086
604 1172
3333 4612
2392 3681
629 3873
1137 6949
60 60
133 238
271 6255
1927 2641
0 1112
1872 2722
5394 7385
138 572
3233 4725
145 747
77 77
271 3118
6552 6552
0 2577
271 7232
271 6994
365 5084
2109 2109
2828 3066
1008 1811
54 54
27 5906
271 2962
276 5392
2963 2963
868 1695
2104 7088
271 6390
2562 2891
271 7037
271 6249
1137 6952
68 2085
238 308
271 7270
231 2988
232 271
1101 2427
81 3131
271 7310
641 4319
271 7401
277 1135
2404 5906
5391 5391
84 1585
868 1008
107 7133
272 1035
2891 7283
2319 5660
331 1035
2577 2577
365 5391
3513 5156
2395 5496
143 595
2828 2828
185 279
2286 2891
81 5815
84 84
564 4539
1137 6135
753 1663
0 1343
12 5906
1406 6055
3474 3474
1035 4096
1008 4319
3517 6051
325 1053
0 290
0 93
271 5935
1108 2343
298 392
5391 7095
81 1380
1051 2043
271 7551
1035 1904
365 2502
857 3187
730 2085
1188 5906
1472 2237
6838 6838
143 3517
365 846
1693 2474
2891 3670
114 808
745 841
366 1961
1981 6666
81 6934
365 5654
138 564
271 1130
1137 1257
1585 2468
810 4515
1051 1764
272 2647
868 2306
365 2577
84 1370
834 1942
1872 1942
0 5332
1872 4064
568 868
271 3041
783 3506
815 815
5732 5906
0 539
783 6366
0 6444
591 1137
365 3466
753 753
583 2238
79 271
93 5028
331 4319
261 868
572 1921
271 1243
275 625
143 1137
718 723
2891 6137
418 2988
344 1008
1942 4168
12 584
764 764
2778 3769
783 1359
365 2085
365 2380
271 5112
1923 2717
912 2451
2891 6076
3187 4579
0 2988
2891 3096
297 718
271 6500
912 6133
271 523
572 3720
833 2891
2891 5540
3728 4469
787 1115
365 1553
2991 4064
66 271
2891 3179
868 1782
1568 2408
356 1672
365 7011
793 1343
279 455
1551 5906
107 4950
868 1591
331 344
81 1188
2891 6488
93 143
895 2991
271 7335
271 5944
1137 6205
271 365
279 500
271 7158
143 2474
0 27
271 6412
153 2988
81 1070
5855 5902
107 138
2891 5242
21 5375
2085 2306
365 1782
564 7097
795 1072
29 1211
912 1081
2891 6031
2928 5699
0 2343
815 5499
3509 5758
747 868
271 6423
2306 5906
56 2988
145 591
2759 4416
271 5025
1184 1185
271 7247
595 907
277 5566
0 1553
84 1607
77 1085
608 2100
0 46
279 426
518 523
365 747
608 890
893 1904
272 990
1024 1942
599 7420
244 244
38 143
0 2547
1187 5906
365 1199
372 808
5506 5515
0 1325
0 5899
2828 5320
2891 6135
912 2872
609 2468
5876 5876
375 1798
48 912
138 912
1024 1035
1600 4723
1137 6500
1768 1768
1137 3474
1893 2641
1137 1782
507 4441
372 702
912 3517
257 523
271 381
1553 3330
313 5530
572 1038
46 271
271 6436
365 2088
572 2474
143 523
302 4319
579 579
271 6339
1137 6051
6 72
3613 3614
365 5899
271 2264
271 712
271 5279
5020 6148
1187 2304
138 1544
912 1137
1872 1901
365 5330
365 5882
2678 3889
1819 1822
3187 3188
365 3613
2759 2759
599 1011
712 2104
271 7433
6423 6423
747 1553
365 2106
2387 5690
1528 2304
0 2874
365 5550
81 156
914 2614
1037 2022
6051 6051
764 913
868 2125
138 626
66 5906
1093 1093
3719 3719
1352 1727
1872 1923
2891 3079
1006 1904
2891 7359
0 5935
385 1942
0 4175
1352 1942
271 7091
1624 1656
2377 3565
1048 2748
747 1698
1137 3227
15 2828
271 7357
385 2731
365 2963
379 4382
351 611
5496 5496
1901 2043
271 7460
143 379
392 691
3330 3330
143 912
81 5906
507 874
107 5242
271 1591
1137 2012
325 2382
15 1050
912 1544
1942 4305
1130 7465
365 5464
787 2823
5906 7074
293 2748
143 1081
564 3131
1782 5547
20 81
2891 5188
409 1070
138 629
2180 6286
1011 3918
1137 6496
279 285
996 4073
2557 5552
1352 2668
356 4802
833 2468
277 2474
1137 5391
1035 1893
1137 1343
2891 7162
81 953
764 1642
68 912
271 3114
271 7207
5065 6407
271 905
72 148
81 6080
0 1739
2145 2962
0 7296
868 2614
936 5906
1690 3375
2478 3096
747 774
1893 2678
2392 2392
564 1186
1541 2903
378 1904
1695 4659
143 236
936 5506
314 2436
905 1137
1872 4396
271 2420
910 4319
1051 2835
783 7410
1035 4305
988 1885
154 1110
5392 6961
914 1942
365 1227
0 6022
1904 3753
93 523
3041 5811
564 912
271 7364
271 5795
747 767
1051 5063
769 769
890 1137
6943 6943
365 1335
1942 2678
3420 3420
379 1989
93 279
378 6552
271 1600
808 4319
747 910
271 564
93 3575
912 1352
1011 6694
107 564
228 238
271 6979
365 6170
3529 7624
271 914
272 1322
4096 4099
2891 3613
365 7551
1406 1772
143 2516
868 1024
1192 1407
568 1137
0 1011
93 1346
365 5460
101 2891
365 7061
523 783
271 1811
2468 4725
912 1192
819 5065
990 1322
0 145
365 3720
1137 2888
23 81
4168 4416
845 1137
13 143
107 1137
779 1130
564 1792
2828 3065
379 3854
1137 2336
913 2145
912 1811
572 834
259 611
271 5812
1921 3946
271 2123
325 2516
0 7211
912 2088
0 3577
271 7488
143 606
2891 7415
2891 5660
1811 1942
328 2516
365 7498
912 1108
1343 1693
1130 6022
1663 3333
272 865
2474 3186
1659 1659
6252 6489
523 1335
3854 4207
1877 4343
365 1137
564 2145
2474 3273
912 1024
271 728
1923 1942
271 7542
2088 2517
365 3617
1137 2125
507 2050
912 6147
1211 1869
764 3220
1012 2647
747 1650
455 2988
747 1268
107 2395
271 2424
2891 5792
36 36
365 1093
271 7117
523 1343
1137 1325
1379 2891
1137 2392
1137 2872
0 2891
325 5059
783 6979
365 1422
4200 4295
5025 5025
890 1872
3873 3873
365 890
868 1547
1159 2891
747 1335
1553 4305
107 7443
272 4414
0 783
143 156
385 1015
223 303
252 252
2298 2298
912 1901
2091 2091
3118 3118
314 6312
2502 7165
2891 7439
1008 2066
783 2321
497 636
103 2404
271 1822
655 2891
0 3408
271 6511
1235 4739
3290 3290
271 2457
107 241
145 868
4416 6838
271 7148
365 1547
242 328
5713 5816
27 1325
2891 4940
138 785
271 7050
271 7497
1359 2088
572 1915
272 967
81 786
389 718
154 2516
81 1792
2776 3774
356 912
5352 5758
228 309
910 1663
576 1544
271 6147
887 1984
912 6390
2891 5818
7476 7476
14 5906
1921 1942
0 2991
2104 2444
868 2478
224 3870
74 5815
564 2286
356 857
325 539
