7716 4587
813 4305
1006 1942
564 5621
271 7545
1901 4207
1547 1547
833 834
231 1137
279 501
271 4544
271 576
3613 3614
412 1984
1234 1693
271 3440
2395 5699
2683 4322
747 1664
1335 1548
868 1130
445 2988
783 5336
122 228
550 718
0 5394
271 314
271 2286
1650 1650
1022 3832
271 6931
1942 2474
365 2238
1624 1639
564 591
107 3466
2468 2891
2748 3792
0 2903
783 1739
2707 5747
1659 4616
223 223
525 526
365 7121
143 145
365 2293
277 5528
0 6316
840 2260
886 4382
334 611
747 2433
564 4940
1352 2033
271 7556
3217 3350
1137 2873
2022 6643
1137 1165
3707 4305
365 2928
1352 2815
271 584
2647 2647
5313 5313
1335 5587
271 3436
271 7040
272 1871
0 60
3989 3989
648 718
7 7
1607 3186
49 2468
5025 5065
564 4956
0 70
107 6444
2891 7031
1872 3707
271 2589
271 2911
5065 5906
1137 1884
727 5775
107 7102
135 5538
834 1901
3845 4099
233 271
245 281
1352 2777
271 7157
365 1358
272 2039
0 26
1900 3989
1006 2761
912 1130
362 564
2468 2629
271 2889
271 3681
308 365
912 2343
277 1135
271 5641
271 1254
378 2742
1137 1421
868 1268
365 5280
271 6945
358 7409
1411 2323
1099 2891
1192 2408
279 1137
271 599
1370 2474
1079 1137
1885 4395
1764 2474
5762 6011
1137 7498
271 5045
608 1901
572 2100
6546 6546
2891 7336
2891 7112
747 1352
572 4305
783 6339
333 611
331 2516
60 279
1965 2070
783 5313
1135 2474
365 2988
279 432
2891 6226
1137 5871
5394 6249
859 2295
2304 4918
1635 3220
2063 2468
1274 1274
0 523
279 440
2891 6132
761 3333
0 2318
271 7441
917 5002
498 7636
2614 2722
2125 3117
914 4416
365 585
1942 2007
271 1739
271 2043
2891 5605
93 743
1177 1534
238 6461
271 5959
1108 3558
363 582
2891 7456
910 2468
107 271
925 2474
0 2143
2107 2107
785 912
906 2125
835 1610
54 365
1137 7156
402 3073
1547 6240
2341 2614
271 5084
30 357
308 2516
271 325
575 1904
574 2891
1797 5242
3513 5156
1035 4416
271 6435
314 2118
2891 7316
1464 1464
3241 4636
1695 4658
236 279
271 5061
1051 3728
1008 2654
1764 4519
6172 6172
1871 1871
2891 6935
912 5817
2891 3517
890 890
2665 3565
1764 3541
833 2109
1137 5617
628 1872
5699 5906
271 6218
70 747
1210 2392
6137 6137
3035 3035
1099 1099
2891 5475
2152 5816
271 1526
2392 2392
272 1811
365 3675
783 5685
271 5999
271 1259
1137 5949
1160 2120
680 2891
271 5530
365 2105
365 2322
81 6626
641 1985
281 502
365 5553
783 2150
3541 5301
3466 7006
1137 6500
912 6153
379 4389
747 3350
912 1981
271 3057
2891 3617
783 5764
2474 3034
1472 2237
889 1893
0 6172
890 4168
1035 3753
81 3290
2007 2137
2286 3408
3187 3261
0 362
0 5392
2125 2379
2104 2176
912 6072
2058 2058
44 143
107 833
271 6975
868 914
365 7316
793 793
272 575
2891 5756
0 2123
271 3487
2110 7569
1130 5812
622 622
957 6600
1051 1193
7121 7121
5997 7603
143 808
565 1043
83 2988
507 962
138 628
0 4
355 1130
1547 3453
93 271
613 868
912 1382
271 7078
271 7516
832 832
81 257
4305 6836
572 2692
5460 5460
2249 5815
2281 2891
1274 1464
2005 2005
66 6133
241 868
4168 4533
743 4951
365 7167
1137 6252
1137 1267
3753 4305
747 1659
957 1352
93 769
609 808
1406 2412
747 749
367 2988
859 5684
0 5078
3520 5237
1551 3053
1547 7306
107 498
2668 4410
868 1541
271 833
271 5872
138 2125
1008 1947
68 868
3736 4416
2436 2468
271 5920
868 1135
271 5662
2891 6331
1165 2891
365 2125
81 795
0 1268
1035 2039
6935 6935
636 1860
358 5301
912 2492
3792 4168
1406 2478
760 760
6423 6423
376 376
271 6201
271 2443
3074 3074
281 286
145 2891
1915 4305
86 241
608 777
2437 2891
365 7081
2474 3654
2145 3186
277 868
2384 2389
564 675
868 2437
572 624
325 5682
2022 4156
3020 3020
1137 2155
1695 4660
143 2437
400 5374
2872 7524
36 2988
271 4343
356 3188
3597 3597
271 2419
755 910
143 1553
271 1403
2928 4970
1239 2828
1585 1607
271 1110
1130 2692
2891 5392
912 1358
988 4259
1921 4333
1438 1745
271 3607
912 2468
35 5815
365 1130
2876 5530
379 571
15 81
2238 7170
3749 3749
7102 7102
1872 4186
1081 1137
639 810
138 698
868 2665
1547 5617
1380 1792
1011 2715
365 1693
747 766
2700 4466
1008 1872
235 565
1264 1490
271 7481
2889 2889
365 1797
70 271
72 1137
271 6241
1051 5643
783 2602
228 6364
271 3218
1352 2722
365 5354
1137 2254
5305 6489
142 143
2319 5660
314 7603
3233 3329
1352 1630
1137 2903
2409 5662
356 2145
271 6978
271 2085
5731 5906
1008 2715
216 279
568 747
1411 1411
2891 6350
4207 4416
356 356
365 1406
143 241
365 2562
365 3035
7 81
777 2019
1407 1568
143 591
271 5600
5065 5171
271 6260
271 4013
238 327
914 4295
271 1270
81 2152
1137 5393
868 1358
2102 3509
271 868
509 1199
0 1130
2828 5110
271 3597
2510 3092
3389 3389
580 629
257 365
277 1137
745 745
0 2088
1872 3811
2433 2891
553 718
271 7120
1544 2891
0 3041
1811 1942
143 1085
764 3350
271 572
1179 2085
915 2891
271 3412
365 6412
908 5906
365 1591
228 2516
1177 1569
1335 5237
143 2235
801 1871
1351 1792
143 1544
271 1782
143 2665
3051 5905
1472 2125
271 1130
496 636
1137 2387
2784 4416
1325 2891
5344 5344
5684 5684
385 572
712 5815
1585 2468
1693 2891
2476 2476
3621 7496
3838 4066
281 506
487 636
749 755
1137 5600
745 912
1051 5042
2135 2137
1130 3703
272 2647
4940 4940
868 2088
138 382
271 825
572 1904
397 410
519 523
912 914
641 4382
279 469
975 4402
279 2208
676 1357
365 7210
578 2891
138 2988
912 1319
6417 7006
385 608
564 5980
93 1872
159 169
0 5621
2891 6975
314 3145
1268 2891
1319 2891
271 1450
271 7129
1160 2600
2675 4490
764 1502
365 2478
376 804
110 1782
143 2125
572 575
868 2891
912 2100
868 3541
143 2988
271 7033
7 1792
271 5338
107 7517
832 4181
379 379
1160 2118
903 2022
271 1553
825 2155
81 352
1222 1693
0 5920
651 4319
267 398
6201 6201
271 2088
271 5042
1137 5678
1013 3994
1137 6215
25 4355
1130 2891
378 608
271 1445
143 3290
271 2248
5118 5608
1564 2891
2474 6226
107 143
1528 2304
1804 1804
365 1006
365 1271
271 783
398 523
365 1600
365 6994
507 883
259 834
1137 1738
700 3832
2107 2885
1022 3857
572 912
271 7419
4206 4206
833 2108
2828 3066
365 2385
372 572
912 1325
2299 5816
519 689
494 636
100 360
508 2988
599 2891
1160 2476
1335 2894
1893 2623
1051 3517
0 6299
1048 1901
143 2254
0 1544
2125 2903
2093 2392
758 1635
365 6423
868 1081
2891 3445
3068 3068
1137 6123
568 725
4040 4040
54 271
271 7607
3420 3420
156 4319
1600 1600
271 5352
0 5393
579 1137
271 764
1137 2510
783 1791
764 766
564 850
377 2816
833 1137
365 7217
1160 1160
230 377
912 3420
143 5224
785 868
2474 4979
5906 6271
132 145
783 1359
1137 2341
386 718
115 2928
1402 5020
608 1024
1051 3632
7104 7104
81 115
0 1358
3187 3296
0 1006
1693 3250
2880 3152
119 912
1379 1379
3593 5049
107 6306
608 1811
1110 6077
356 1670
70 365
271 2358
365 2409
365 2828
0 6022
0 5747
808 2468
1352 4575
599 955
701 3720
143 3237
271 1635
365 5741
103 271
271 6426
1872 1893
1335 3649
6299 6299
272 608
143 785
1335 3577
2891 6137
377 6513
138 568
688 7074
0 3003
1008 2615
271 6328
3509 7014
2891 6412
990 4376
1137 3593
3517 6497
673 5932
271 7156
1942 4168
2412 2482
0 25
19 610
66 3421
271 2888
1600 4590
1777 1777
81 2914
257 1137
1800 2437
1526 3593
2778 3769
868 2085
2891 7194
279 450
2891 6386
5394 5394
2110 2110
1137 7538
868 1108
1137 5812
909 2297
1246 2384
81 1184
572 3918
271 7526
868 1236
365 2380
356 2468
1782 6137
120 1137
625 1035
784 2510
1137 6937
601 3889
131 2395
271 1337
2891 7110
225 2988
1110 2441
1035 4060
783 7243
913 1622
365 5411
747 1621
680 868
2891 5818
868 1273
143 1235
2088 3409
116 1549
365 5392
17 2988
507 6591
1051 2392
2392 5733
0 3152
4346 4346
73 2891
5550 5550
271 277
764 1659
2468 2476
2387 2387
1264 1670
3517 5515
912 941
3565 5391
133 133
365 7128
71 81
996 1043
93 2891
752 910
2722 2722
271 7557
572 2056
2891 6367
2253 2863
1893 4416
1051 7524
271 3693
6730 6730
1942 2692
868 1406
3973 6623
2600 2600
30 358
747 913
0 5161
887 2027
912 1346
279 433
912 1419
365 365
271 3564
813 1904
868 2123
510 2891
271 7436
1130 7104
605 4469
1117 3333
365 2107
1035 1872
271 2593
1116 1137
912 2474
1035 4519
271 7530
271 7342
2891 4040
365 1268
761 1107
143 1268
5190 7040
272 377
93 572
271 2824
93 6391
46 2891
764 2614
1081 1274
365 1382
379 1137
401 1241
0 5237
912 1185
1343 5313
365 5332
1137 4950
1137 3720
271 5998
365 1981
3333 4545
572 2678
1137 1547
1137 2063
2449 6289
895 4206
1580 2468
2392 6470
672 2392
271 3720
1038 1872
143 821
2873 2873
747 3210
0 2121
0 2872
365 912
647 718
278 1038
1137 6173
1137 6976
1137 2280
271 2835
143 1464
138 624
1130 2088
5819 5819
572 2067
271 1213
1670 3187
138 1548
912 1149
0 6171
2731 2731
272 2748
385 808
1547 5386
271 1397
572 886
1811 2891
271 7477
3187 3262
0 5391
0 5119
2891 6458
2180 2180
2891 5391
241 271
2264 7038
769 4616
1137 1688
2891 3474
1008 1048
2358 2891
2303 6055
271 1186
591 783
271 4305
0 1218
2474 5499
25 5816
272 1008
3186 3186
350 5906
747 748
143 5816
1782 3436
0 5811
271 2511
1137 1804
2706 4186
54 6320
272 808
138 2286
72 6104
760 3220
566 6927
2435 3587
2096 5731
507 873
787 5543
2320 5507
3509 7393
80 2891
271 6114
2903 5566
5352 5758
1764 2082
868 2341
365 599
1357 2135
896 4135
1035 2742
5756 5756
1335 5583
271 6471
2468 3670
279 455
584 5901
678 1764
249 279
2618 2803
271 1422
5680 7312
1176 1177
312 2382
507 1872
846 846
2437 2614
624 914
749 4621
1553 2910
365 5446
271 1961
893 1942
1918 4322
783 2264
905 5678
1031 1872
3241 3241
275 314
575 1984
2696 4416
2468 3683
507 881
1137 1479
6202 6202
365 1507
271 5661
271 1151
81 5266
2478 6290
1130 2318
1137 3386
143 1541
564 5489
271 6962
271 7455
747 747
271 1051
3753 3753
3031 5282
0 1093
331 344
2364 2891
0 2085
271 3499
138 271
1130 5876
273 1652
409 523
955 956
238 827
1764 5919
559 2212
0 5876
313 314
833 2112
1137 1797
6 1551
1137 6423
143 754
314 7457
913 913
1130 2706
5617 5617
3131 3131
1273 1901
1872 2709
1137 5464
651 782
271 2168
6284 6284
906 5906
1893 2891
2891 7169
107 5552
2891 6313
271 3606
1947 4301
1359 1359
912 5084
14 271
271 5021
1553 5042
148 1551
2085 3404
5045 5906
0 5025
3986 5499
764 1664
572 3736
281 505
180 920
1881 2991
1137 6170
2324 7106
2297 2297
756 910
1652 3217
507 808
917 5049
2891 6349
4389 6514
271 5333
1915 1915
1872 2614
793 1051
1137 2960
400 523
1137 1193
2891 5553
356 1690
622 4352
1137 5394
3792 4200
566 2891
955 2816
271 6122
3946 4305
272 3889
1901 4099
712 712
0 1782
135 2999
2891 5460
1872 1918
271 6977
271 7299
271 5018
1108 1325
143 1325
1804 3069
7476 7476
143 833
2668 2678
30 2085
271 7139
1791 5391
747 1051
271 7124
356 857
749 750
365 2966
81 5496
409 1318
326 5684
45 81
1099 3235
1137 2237
827 2476
0 1108
238 326
4322 4322
143 1547
552 718
365 833
1137 7217
289 1051
3218 3218
84 913
2088 2443
1343 2821
3736 3736
143 1397
591 676
271 7294
271 5573
753 3210
6150 6150
1051 2088
2481 2891
81 2081
624 1008
1950 1984
4153 4153
1901 2991
93 788
1942 3728
49 1228
2474 4895
3728 4142
365 4956
133 2516
868 1529
365 1343
1 2125
365 2474
572 2029
957 4266
1904 1942
2433 2614
912 3186
0 2286
566 566
792 4708
1110 5710
2123 5260
271 6138
20 584
81 1188
2006 3973
381 1335
365 5156
7211 7211
365 1138
312 1160
2104 2307
81 223
271 1054
2911 3118
81 5045
2104 7088
1825 7362
2063 3749
1137 2322
365 3206
1137 3187
747 2125
912 3218
169 279
2007 2694
271 1325
914 4266
272 507
1130 7402
4401 6730
2363 2363
859 3389
4382 5906
6226 6226
912 3682
868 1343
271 824
2468 6848
271 6277
143 1352
1942 1981
3065 3509
238 306
488 636
990 6600
1872 6838
762 1635
2891 3593
94 2988
143 261
905 1137
2392 7232
271 3447
81 2306
939 939
0 3613
777 2474
608 1872
1008 2699
0 5585
785 2891
0 4918
650 718
1173 2384
3953 4305
34 81
271 3517
2392 7556
868 1544
143 2440
271 6382
2891 6988
365 1479
2891 5515
747 1642
1137 2114
399 523
81 279
271 5337
2304 7159
1035 1904
2104 5545
365 5281
2665 2891
5818 5818
271 5151
271 5489
749 1663
5918 5918
0 519
3513 3596
77 4319
1235 2474
1051 3541
1006 1035
1130 5201
271 1063
0 5586
279 329
1568 5906
0 6304
1149 1568
868 2224
5391 5391
1108 1137
365 1544
3973 4319
271 5819
365 7481
909 2468
143 1051
138 2224
0 1165
775 775
271 3158
1942 4519
3233 3233
365 1270
373 2988
5045 6153
271 5357
1804 5906
758 6500
2444 2891
0 6463
385 1904
2872 2872
93 642
138 1319
116 2107
24 116
2867 2891
271 6934
1656 1659
2392 7516
30 143
5614 5614
813 4382
2891 4657
764 775
2891 5690
93 138
572 810
564 889
271 5036
608 1881
271 5953
5566 5566
365 1090
4759 4759
680 747
241 365
572 1008
2647 2777
748 910
747 1343
1137 6055
2377 2377
2891 5706
7006 7006
1006 4095
3282 4519
564 6252
365 5401
394 5906
764 868
0 45
1137 5959
365 2180
288 611
1947 1947
279 453
2093 2380
2891 5888
0 7139
764 767
81 3237
271 890
277 365
271 6166
1137 4040
271 273
2891 7359
2891 6506
25 868
583 583
760 1659
625 4043
271 7022
143 2433
597 2384
0 98
271 5948
608 3389
365 3487
138 868
138 747
0 7375
783 3389
783 1464
272 2012
0 34
271 6391
257 591
2392 3696
379 2799
3529 7625
785 1137
72 2134
783 5600
141 143
1217 1235
272 275
601 814
379 4181
491 636
1087 1662
745 746
271 6924
365 2320
2085 2085
912 1335
377 1901
1241 1241
2107 3330
365 579
93 6291
1137 1947
0 3002
3703 3703
238 365
1335 7182
143 5274
859 6312
87 5906
747 2100
608 1031
365 1352
81 110
564 3652
3069 3509
2891 6215
1745 2880
1571 2468
325 365
1352 4040
912 2341
2235 2235
107 1051
107 7210
271 6301
1024 6513
0 6357
890 3916
120 5906
1038 1038
1235 3250
1137 5547
143 2286
271 4988
0 138
271 1135
273 747
86 936
77 1931
81 1981
4389 4389
138 145
859 3683
783 1756
1137 5575
2168 2433
271 2478
1163 4714
0 2125
365 523
271 1462
1217 1693
379 6562
81 108
81 143
747 1024
365 7033
365 7125
138 1553
3237 4539
912 2224
580 611
6170 7310
868 2100
2468 4466
5065 6297
2114 3187
271 2293
2145 2891
2891 5395
1693 4739
868 2145
523 1137
0 5896
223 5906
93 3845
1048 1048
3235 3329
783 5641
271 7266
100 564
356 4759
743 5710
314 2295
365 3398
279 614
279 395
833 835
638 1137
611 2669
3290 4564
3728 3859
365 3001
0 5719
2125 2614
1872 1904
365 1024
1057 1177
3185 3290
747 912
1008 2891
783 1241
3683 4908
238 262
93 2610
572 3948
365 5393
1273 2988
66 6148
2602 2602
271 6433
29 1121
402 523
1894 1901
271 2938
143 1406
2891 6497
0 4305
271 855
747 785
365 2954
271 2823
758 3218
3187 3189
833 2107
143 2928
377 2742
271 5205
143 223
271 6217
365 2446
382 3845
584 5756
279 418
912 1740
507 870
21 783
912 2286
365 5331
1319 7104
261 912
0 5899
271 5916
2088 5948
654 4466
2903 6284
1035 2991
2468 3728
1186 2891
405 523
68 81
4976 5065
914 1927
271 7449
1137 5242
365 7560
2400 2420
2468 2717
365 3597
912 1541
3210 3211
281 504
611 679
2891 5612
314 6461
125 279
2516 5443
783 1051
912 988
271 3621
1529 7402
56 1211
271 7180
271 5201
0 241
0 2
252 271
325 3478
0 6170
1942 2043
3453 3453
7543 7555
138 1130
138 1012
909 909
107 1093
271 7081
1904 2007
271 5094
564 6122
365 2043
3187 3259
1024 1959
3675 3675
1343 2891
565 808
868 2343
1942 4301
2891 6173
271 1656
2088 2269
783 5018
1927 1927
3596 5540
1024 7090
2468 3832
1137 2514
2341 5916
271 687
5731 5960
365 7156
271 6350
143 5815
316 2516
271 2510
356 1137
0 3597
764 1618
2085 3001
509 509
365 7434
273 4620
0 6423
3832 4066
1600 4723
2474 3273
93 384
5342 5342
507 872
365 5242
365 5344
551 718
1137 4940
6055 6055
2286 2444
271 667
2205 2988
3838 3838
3408 3408
5330 5330
271 1797
271 7210
890 4416
1693 4709
783 5573
0 596
271 6470
641 4061
103 5342
3499 3499
378 591
363 3301
747 3220
517 519
138 1010
271 1421
12 81
80 80
365 1401
1054 2082
610 2299
651 2660
1921 4430
6836 6836
1137 2286
365 564
2737 6848
1051 2891
378 1901
1893 1942
1137 5460
1137 1959
271 1008
107 7471
143 1130
391 392
2033 3721
144 2395
2891 5575
507 880
3563 3563
271 1406
365 5338
271 7092
110 143
2828 2891
271 6036
271 5754
896 1872
2891 5151
7296 7296
384 384
0 2828
3187 4759
365 2108
365 1466
1137 5305
1942 2991
1239 1551
107 2874
418 2988
1871 2650
1008 1012
37 271
2891 5055
365 5042
271 7282
783 7526
271 7367
107 7156
2891 7552
2110 3509
2022 4073
271 2521
271 2844
1652 3219
912 1108
833 2111
2448 5078
3509 5791
272 4301
1218 1218
58 2891
145 375
608 2673
365 3020
761 4612
33 143
783 3548
365 783
2891 6385
1352 2297
271 7386
236 2988
365 1792
271 1108
1160 6312
145 607
372 702
271 2538
277 1489
271 3605
1670 1670
331 2306
271 1994
271 7452
793 912
2286 2382
1921 6688
143 940
518 2742
672 2341
572 4322
1650 3218
365 1079
271 7538
807 4382
2468 4968
572 1998
747 764
777 1343
1352 3521
1406 2580
107 3599
1553 3330
2137 2891
2125 2474
3597 6040
1093 5065
764 1640
271 5332
0 568
5581 6171
2395 2395
377 6546
783 5655
81 357
1137 5819
2678 4244
143 953
3517 5818
271 3617
650 692
366 366
365 5612
0 3648
801 2966
365 6171
271 912
107 7368
3188 3188
1051 1051
314 3559
6312 6312
1872 2474
2891 5745
3131 5815
379 955
271 2224
107 6466
560 1009
4950 4950
3621 3621
2891 5352
2344 5731
2218 5572
579 2891
868 1319
279 279
4040 4262
138 1335
1959 1959
139 331
2891 6135
5391 7117
3811 4406
365 7283
365 2150
2005 3756
81 940
1035 2033
74 116
350 2928
365 3593
1901 2683
3502 5731
1015 2065
2384 5024
769 1640
625 4422
0 1079
271 2448
5205 5906
5374 5374
747 1622
271 7119
271 2243
271 7375
0 103
1137 1138
116 564
2172 2468
3273 3330
680 912
2387 2891
3436 3436
1137 1358
93 1078
1137 2125
764 1652
747 988
143 1358
1006 2678
143 868
1050 2828
40 5815
1894 1894
2058 2468
365 5817
143 2343
271 5471
1008 2742
2678 2678
564 598
575 808
3720 4506
147 5815
385 2675
1130 5742
31 145
985 3703
1641 4620
777 1942
608 4149
0 2150
598 5906
271 7133
1006 6792
6306 6306
1591 4781
0 955
2891 7488
2863 6421
271 568
107 145
2088 5070
1800 5918
331 2468
1006 1137
271 7484
271 5342
365 6978
365 2468
279 474
783 2293
912 1904
81 2143
2005 4322
2106 2106
912 3509
2085 2665
2508 2891
5949 5949
568 912
1137 3613
5393 7524
690 718
120 912
271 5022
271 1067
990 6800
0 5584
0 833
2891 6973
957 4116
271 2460
138 1358
2678 6694
1137 1544
0 2478
271 7128
271 6969
2476 5997
915 915
271 7443
81 1351
271 7606
783 2891
241 241
271 7031
2085 2437
2891 7496
3333 5274
2114 2235
628 4171
1348 2419
485 636
72 3053
223 868
912 5662
1130 1137
827 827
1352 1352
991 2737
1137 1259
1137 1319
1106 2510
5815 5906
6497 6497
75 610
223 1137
365 572
81 2299
572 967
611 4319
0 4342
1008 2706
2516 5274
143 1343
394 2928
2891 6327
138 764
147 610
365 5063
271 1758
271 5167
7112 7112
2891 7476
0 1359
365 3066
116 143
914 6800
93 365
912 7165
34 271
1472 2085
365 5381
2816 2816
2476 3437
145 912
365 2392
808 1872
2891 7125
579 5205
279 457
590 1192
1352 1872
138 1051
1553 7091
2891 7210
1137 1745
1553 7022
1656 1656
271 6072
30 81
271 6172
680 1137
2125 2891
7299 7299
271 2665
1872 4395
1137 1379
271 5392
2888 2888
912 2988
0 1547
591 1981
1872 2007
2056 2707
3973 4382
914 914
68 143
2098 2114
912 6260
718 1981
285 423
1893 4350
1137 1335
0 2395
599 599
564 1904
271 5350
271 1241
1894 4305
3235 3235
783 5845
783 868
613 2891
81 610
271 272
762 3218
81 6185
912 2238
2104 3118
0 246
747 2224
93 1546
101 564
271 5055
271 847
2510 2959
146 2988
327 6292
572 777
331 2988
271 4956
1406 6217
1031 1942
271 1343
326 3645
912 925
311 314
564 2248
590 912
755 771
138 224
365 5394
139 145
271 2213
2891 2988
834 1040
2963 6299
365 2177
2 143
3529 5543
279 448
0 257
2145 3187
2618 2706
2707 4533
138 3792
5391 7095
271 1138
5333 5333
365 2319
2248 2248
2387 5690
2891 5779
135 2384
314 5536
271 7250
271 7332
271 1268
2379 5507
365 2706
912 1245
868 2104
3728 3728
262 3145
1421 2468
1121 2988
1274 2891
135 1137
3517 3600
271 5265
116 868
1013 4346
0 5475
868 3517
1382 2872
731 2891
1035 1893
233 233
2891 5239
1693 3253
3683 3683
564 747
1138 1138
783 5664
72 912
572 1893
81 808
6051 6051
279 449
2147 2891
271 3574
1051 6979
382 6761
365 5758
1137 2235
577 2828
747 1130
3241 3330
271 6179
2891 5547
47 2007
6076 6076
271 596
365 3617
572 4416
1872 3792
3792 4350
5731 5964
2120 5894
279 442
378 572
912 1469
912 1081
758 3211
271 3386
271 7561
1177 1575
0 42
718 722
81 5274
1184 1185
1137 3035
138 1137
379 4319
2019 2019
272 1921
81 269
1160 2382
271 5733
4343 4344
376 2682
1704 2891
279 445
1137 1192
271 1564
564 5925
365 1213
272 1352
591 747
1904 3719
390 718
1070 1318
271 3479
365 1051
859 3559
138 344
1184 2260
252 1211
271 529
656 2828
143 1764
0 6927
365 4989
990 4346
365 5902
2706 3074
107 1786
5393 7294
519 868
135 2510
236 365
93 6471
365 5333
279 1861
718 723
659 2125
1090 1115
1745 4945
54 2336
365 728
3509 7013
5515 6366
271 7435
271 4979
783 5550
1008 2758
143 155
365 2109
0 1051
1157 1172
1745 6217
66 365
236 281
271 7341
1008 3707
11 2988
572 2759
365 905
988 4206
1137 2700
118 120
1243 5701
833 2106
271 7163
81 100
2888 3517
1607 4564
1137 6511
912 1135
2212 2988
2307 2891
271 7521
764 2468
868 1264
143 1115
1397 2116
6838 6838
271 2304
107 546
912 2478
2828 3065
572 1035
0 271
1011 3953
81 566
365 2323
272 572
2286 2286
2614 3517
271 1745
1051 3572
271 2145
143 568
271 5411
138 1541
392 547
912 985
2891 6381
2903 2903
1177 1591
271 5855
81 5375
143 914
3944 5499
599 912
66 81
507 877
1051 2827
107 5238
143 680
271 1104
3187 3260
1067 2429
3517 5460
1652 1652
238 271
271 2320
1892 4305
1872 2654
783 6942
365 1218
746 5731
390 548
2304 6304
5393 7161
53 271
5 302
4262 4262
2474 5808
1137 5084
365 917
990 4116
868 1235
6171 6171
107 7592
2891 7026
1235 4790
107 108
2891 5925
2400 5543
754 910
1259 1779
1163 3301
1782 6329
788 1370
2891 3409
356 1728
36 1798
750 910
5553 5553
1235 4739
1745 2891
279 2215
271 7394
868 1137
271 6013
271 5759
331 910
278 304
912 6423
2120 2120
271 3116
1872 2618
1137 1406
1900 2691
1137 1777
143 2306
1693 4714
271 5542
1553 5028
2891 5819
271 1193
363 3300
2516 5295
1441 2468
1942 3792
486 636
1421 3687
271 2137
1911 2012
747 769
859 5682
766 3218
272 372
651 4382
1352 1981
1159 3041
1137 7247
747 1777
271 846
1051 4416
3187 3187
156 4382
314 3437
1130 1437
507 879
271 1541
1585 1585
365 5337
564 5439
300 718
257 1273
81 394
293 293
365 1165
895 1872
365 3640
1137 2474
2085 2891
2392 7460
2384 5118
783 7433
783 4988
783 5932
821 840
1008 1013
2363 7115
868 2433
4305 4305
3509 7392
2737 3886
271 7281
133 3001
5333 7565
2891 2929
747 762
749 3333
365 3454
4244 4322
868 2474
2891 5188
1335 2395
2436 2476
2654 4175
228 271
579 2437
1163 1693
1137 5998
107 7467
1994 2709
0 5112
3041 5188
365 785
358 358
6367 6367
271 5680
833 912
143 269
145 606
2088 7148
1024 1352
912 7106
1348 3607
2341 6366
223 4305
1223 3185
1130 3565
81 546
1782 6968
72 143
3067 3067
271 2954
988 1942
783 7342
783 5460
107 7455
365 920
0 6157
764 3210
2043 3994
868 3693
564 868
2392 2444
302 608
81 87
608 2007
271 5331
2043 2474
145 365
392 691
5094 7519
26 271
1035 3728
93 912
2063 3792
5320 7575
3517 5819
2457 2891
271 2324
1177 1392
0 3647
52 2143
378 892
0 591
1108 2082
1008 1998
666 1782
138 1942
143 2237
36 7211
1901 1901
2433 3593
868 1553
271 2223
382 1904
4401 4402
3768 3768
368 2012
1901 4292
276 6423
507 874
1335 2891
564 5529
1704 2474
3517 5305
0 3158
2433 3031
769 788
608 2067
0 2717
625 1904
2478 3096
271 2433
955 3792
241 936
3114 3114
5948 5948
2742 3873
747 1137
912 1635
271 3120
2425 5401
365 5605
6173 6173
5065 6421
1872 2682
762 764
2700 2891
1904 4396
3421 3421
890 1893
2678 4408
1137 1553
1900 2790
84 1591
2891 4989
1728 1728
1192 1419
271 6366
0 890
4575 4575
302 1942
2082 2082
1151 2891
1137 1177
783 3621
1137 1791
564 5542
6423 7452
2443 2891
3509 5283
2468 5710
365 2891
1668 3187
279 479
271 2427
2382 2382
271 1544
236 2891
236 636
1212 2891
103 103
271 5470
1984 2468
610 2249
1571 3269
107 606
1607 3310
365 5630
385 599
271 5027
1704 1704
277 6082
1764 1764
1893 1893
747 3449
834 1035
2793 4761
1553 2891
783 5791
16 81
269 2085
1335 3647
271 2863
546 5906
5342 5928
5065 5543
1693 1693
1137 5438
120 143
365 2172
2104 3330
575 2039
385 1894
1637 1641
833 3063
107 365
69 81
2891 6051
228 307
686 3499
271 5492
271 5775
912 3421
912 1051
271 591
2623 4292
66 564
365 574
240 2988
365 1133
271 7011
1035 2821
71 271
0 5583
6170 6170
365 1099
5401 5401
138 601
905 2088
376 3792
2748 2748
378 1008
372 893
272 4396
143 5906
365 3068
2562 2562
3079 3079
271 3163
1236 2085
1160 3145
608 869
4377 4446
2104 6150
1319 5547
143 1181
5906 7074
272 2694
2891 5795
1904 4060
2104 3595
2085 2380
2891 4593
539 3001
2085 2614
2516 6296
352 1792
1137 6313
271 6150
314 2382
145 271
2891 6171
1192 3143
905 5224
912 2437
1137 1656
1137 1893
6123 6123
576 1768
917 917
7061 7110
414 3466
868 2238
271 2474
26 1135
2238 5971
1110 4968
93 7299
572 1981
2091 5816
143 1050
5896 7391
382 624
271 3670
1096 2510
271 7493
1026 1900
868 1335
783 5333
271 6291
143 1138
2384 5577
279 456
3687 5233
4207 4207
271 1561
365 792
1163 1163
1335 2874
271 6171
2007 2114
2891 6362
271 2577
1130 1130
2005 2696
143 2891
2891 3512
271 5391
378 1035
2668 2811
2105 2105
1051 1137
378 4207
912 1235
1137 2748
2118 2118
761 1662
906 1411
59 564
135 1129
143 365
3 5815
730 944
1031 2665
1885 1885
238 3389
600 808
271 3664
271 3438
272 1872
271 5078
610 1343
783 5332
1635 1642
107 2468
6172 7550
1370 4722
400 574
795 2891
1062 1063
2891 5070
279 1376
365 6306
271 6066
1704 3235
230 379
271 271
859 5894
1137 2363
890 1942
868 3509
859 2891
5281 5327
5506 5515
143 331
365 7119
271 6331
762 4616
271 4175
651 671
271 519
1243 2335
155 409
2557 5552
783 3066
572 611
2125 2254
365 7551
365 1357
2022 2468
81 145
271 5271
1137 6109
1051 7555
599 1406
66 3614
912 6253
11 257
271 1390
272 6666
1235 2226
271 5071
271 5644
271 5363
277 2474
1137 7524
417 2988
3953 3953
2125 7038
1397 1469
1745 2748
5392 5392
1464 5819
143 783
2891 6496
271 2907
1104 5065
271 3466
2928 6271
0 2474
138 680
2125 5690
354 4319
1528 5543
1893 2638
120 868
0 988
3595 3595
1900 4382
2759 3719
2474 3449
1335 6924
138 591
3235 4725
3768 3973
365 7037
271 6408
414 2891
2891 7162
279 428
81 1551
2891 3600
1163 3252
365 5871
868 1904
0 57
392 724
271 1251
7519 7519
87 2085
279 443
365 2321
1172 2510
271 6942
238 1137
833 2104
2341 2891
32 584
1618 1618
1921 2468
59 912
1900 4319
365 587
2463 2891
68 331
279 1828
271 2114
608 1904
766 1630
1137 5816
1614 3250
783 2963
143 1024
1791 1791
625 1322
608 794
236 912
279 559
271 7560
52 783
3041 3453
271 6403
0 5496
2389 5608
1464 7196
156 2085
1635 1635
1106 3675
3506 4945
1901 3707
3296 3296
271 939
3404 3404
0 1137
279 444
2799 2799
2891 5393
563 565
271 1792
2891 4944
107 1335
2891 5592
5065 7020
271 6438
912 1343
2012 2012
66 7054
912 2891
271 5063
400 1130
695 1884
1352 3780
914 4490
2891 6358
1228 2476
156 868
0 2145
622 3973
2392 7254
1335 3648
271 2266
2395 5587
783 5331
271 5866
1358 2891
912 1138
279 422
271 2392
267 271
591 591
3517 3517
60 2988
271 5654
1210 1422
572 2717
2084 2084
279 437
4396 4396
372 1965
6132 6202
3509 7012
271 7434
388 392
775 1698
271 275
833 868
3187 3263
868 3186
777 1908
1901 1921
365 915
314 1160
912 2377
1942 2742
1161 1251
2891 7243
81 5529
1335 3578
833 2105
1803 2392
81 99
747 775
1006 2012
365 3014
1095 2863
138 1268
608 3792
100 143
2043 4466
149 2988
0 365
0 849
271 672
2114 5190
271 2303
1137 2929
272 1038
2742 2799
680 5265
0 2324
846 3693
271 680
3474 3474
107 2084
16 5906
1464 2168
914 6879
3420 5336
1199 5401
365 6036
2150 5354
271 4898
0 80
6201 6937
747 758
1881 1942
1067 2614
107 2828
912 1067
1965 6792
271 1464
868 1051
54 5906
271 1211
0 912
0 6426
1137 2364
0 939
912 2235
1370 1370
365 5795
3520 7181
1942 2722
2891 7306
279 421
410 5928
2891 6205
271 3095
271 3596
572 695
11 109
787 1090
5080 5731
271 5899
365 2264
365 7335
591 785
0 5063
1008 1008
271 2706
841 5731
271 7270
365 5731
914 4171
568 568
1035 1529
1343 3565
149 2197
107 107
581 948
271 3613
1901 2067
365 5020
1319 1319
365 5905
335 611
19 5816
107 7181
910 4319
1872 3889
382 608
3845 4096
143 2085
344 344
5460 7668
385 3832
1137 1453
271 2176
48 66
2880 5746
271 5758
143 1108
2063 3768
2891 6211
1901 1904
365 1635
2700 2700
271 907
868 1635
1792 3051
585 2392
747 3219
107 5464
5775 5775
331 3290
365 3621
0 116
1137 5697
7033 7465
271 2160
277 7030
591 2125
1130 6382
271 747
2100 2474
2377 2474
272 4006
112 2269
99 107
2988 3421
143 2614
1872 2816
354 4382
1149 1192
365 6937
271 1165
372 591
272 625
1104 1104
138 833
271 6463
654 3986
325 2600
303 718
3719 3719
1441 1441
5068 5446
1406 6097
5953 5953
271 2150
143 564
608 1942
747 761
5392 6961
2510 5024
271 564
5393 5393
312 313
1652 3220
314 4951
0 2358
1160 2876
271 7483
783 5252
2098 7575
365 1656
3774 4153
2387 2392
143 5496
365 1464
224 6552
1035 3720
1406 2891
271 7384
271 5125
2963 2963
575 1872
0 1122
77 4382
271 2614
868 2286
2114 6381
912 2692
1818 1822
1024 4046
1051 2043
2516 3645
77 1928
3227 3227
271 2455
117 281
572 2821
365 5471
271 2228
764 1137
1137 3128
107 3598
572 572
868 2468
271 7480
1580 4641
120 121
271 5330
1184 1184
0 5537
583 5491
41 5045
3509 3509
5905 5905
749 1502
293 4319
271 358
564 833
1243 2235
271 5122
747 1138
727 5094
143 271
912 3517
4895 6082
2891 6943
271 2323
2891 7450
3613 3613
0 3646
130 358
382 1942
761 764
1137 5756
271 6477
680 1236
1438 3074
564 5061
1942 4416
356 1669
1901 3946
143 1087
1008 1918
1137 1591
2891 3587
1137 6172
599 1137
26 747
81 2988
1348 2823
2382 2468
608 6761
4968 4968
271 312
3001 5530
2891 6267
365 5284
890 4149
271 2177
2876 3001
1382 1698
238 5536
108 2517
365 3652
914 1981
1137 2891
143 3693
0 4322
1095 5065
271 6497
267 526
1585 4564
581 1108
2392 2557
2468 4657
2336 2336
2678 2811
1618 3218
1137 1137
1011 4408
988 1137
143 988
0 6114
5333 5548
81 2516
1335 1335
1137 2137
3509 5282
2891 7492
583 1130
2137 2239
3517 7112
260 1600
236 562
749 910
143 2341
0 143
0 675
271 6135
0 7439
5899 5899
783 2320
783 2614
5332 5332
271 6989
807 4319
224 224
2384 2891
365 2286
365 3563
1635 1650
365 1100
1137 3617
138 257
868 2235
1137 7011
271 2238
0 102
783 5792
70 783
271 567
1591 1698
688 3499
81 2936
747 1652
271 2202
365 1541
2286 7088
2468 4040
81 5816
0 1600
1893 3948
0 7493
1397 2067
365 795
624 2007
81 350
90 1137
752 1659
5547 5547
244 2392
0 7069
0 2894
356 868
1006 1006
792 2468
271 5936
7061 7169
1137 3886
2891 6971
1133 1133
839 1683
912 2433
2137 2137
912 5764
271 7552
1054 1054
676 676
1406 5779
365 3067
2474 3227
155 155
107 912
93 868
271 785
2058 4046
5107 5906
271 6267
5375 5572
120 2125
4342 4344
3764 3832
1490 1670
912 7158
365 5180
890 2137
236 591
3330 3330
365 6320
1137 5818
564 1434
2663 3749
1635 1664
257 2988
376 1872
1901 1942
10 81
572 808
0 3632
363 1235
271 5374
271 1081
107 7569
2891 6952
2455 2455
3521 3597
271 3042
59 81
646 718
271 7547
271 5187
0 107
75 5815
107 7441
272 4402
0 5241
3237 5274
1621 1635
2468 2615
1370 4781
2385 6423
76 2988
365 712
385 1009
272 1893
1901 4186
5662 5662
1901 4062
271 6290
365 6170
271 4382
584 1361
2468 3792
2654 4430
1693 2468
1544 3509
314 316
365 1257
6461 6461
747 788
365 6172
0 1319
143 747
753 910
747 3231
224 1872
912 7054
365 568
1008 4322
905 905
107 7115
1792 1792
0 819
3727 3845
271 2468
783 2954
38 1093
783 3068
912 2125
3886 3886
143 2468
1893 2793
1901 4095
271 988
2 81
370 1137
2699 4430
331 5906
236 1137
271 2872
2478 2891
572 1881
366 1137
272 2678
138 1035
859 2532
2298 6076
1881 3728
797 1137
271 887
377 955
376 955
868 1138
138 962
868 1981
365 5547
1346 3845
988 988
1130 1921
257 912
143 1335
564 3116
2286 5260
143 1901
2891 5342
0 6974
365 7341
3096 3096
271 709
783 5305
0 868
0 785
1348 1348
271 2891
498 498
868 2614
107 907
66 6253
271 5643
121 121
651 1020
572 2699
539 1137
2392 2476
279 447
271 7568
3870 4030
1137 3409
271 6157
764 769
365 5762
1624 1630
74 145
271 1591
271 1137
365 2094
1904 4301
608 2692
917 6974
3801 6623
0 1406
1035 1981
365 576
138 143
2891 3398
824 2991
815 1871
745 5731
1137 5719
2891 6949
93 7332
1137 3596
1352 2795
868 1738
145 1137
747 1008
138 236
1022 2022
912 7043
1051 7570
1160 2172
2891 7281
747 2474
1553 7207
385 3801
747 1618
2758 2795
2474 2547
376 1010
0 1104
0 5758
912 1406
200 279
365 591
1901 2654
272 6897
3001 3001
223 4319
2392 6479
2991 3719
572 2037
1792 2891
359 1137
365 584
0 2468
2135 5094
0 79
766 1635
271 6345
365 2872
2891 6031
5614 7069
2891 6410
271 6488
1523 2384
1110 4908
1942 2709
998 2618
783 5330
1872 3994
0 747
1210 2891
2891 5949
783 6310
747 1624
358 912
2137 3634
81 261
2272 2304
909 912
279 435
2516 5437
564 2891
271 1791
93 1137
1942 4142
730 2914
5906 6404
2891 5608
271 1358
749 764
271 598
365 2700
1008 1035
93 6309
1137 1635
365 1267
783 2218
3374 6226
271 5394
3574 5391
2094 5543
272 376
107 120
107 7394
58 5205
568 2891
271 7167
93 2260
2891 6996
81 840
279 415
143 2088
271 2899
1877 4342
365 764
572 591
584 3524
107 6284
1901 3728
271 6316
378 1942
1881 2019
3034 3167
279 436
1441 2891
366 3989
912 2665
766 766
783 912
271 6097
271 6458
3973 3973
568 778
769 1652
4430 4430
365 3600
1782 2829
529 2468
365 3720
912 3282
564 5078
564 5038
270 564
261 5274
1024 2891
747 783
1137 2266
2891 6240
1782 3549
764 912
2145 2821
365 1318
46 46
1872 3946
2085 3333
2874 2874
369 1137
279 416
768 910
24 5815
1893 3736
1137 3541
990 5314
718 732
2891 5036
5816 5906
1335 3003
271 6309
779 1130
32 143
3167 5548
747 1325
912 3474
0 599
365 7561
179 279
2891 7159
401 523
584 2141
365 519
69 825
868 925
1798 2988
271 2514
271 3296
1872 2811
1672 3187
2872 5438
365 6366
2081 5906
2888 2891
271 5297
5045 5045
2891 7121
1137 2478
93 382
271 3187
507 875
1268 2341
365 5798
271 7518
2474 2891
81 369
3187 3258
912 5063
1669 3330
40 1137
1904 2742
69 107
1591 3196
575 575
5020 6148
957 1981
1335 5586
868 912
2380 2380
1406 5499
1137 2318
896 1352
365 5027
608 988
0 3660
2453 2468
365 6123
93 7163
3559 3559
783 6328
868 1397
912 3613
100 822
2891 5664
331 2043
2088 2298
66 5020
909 5995
271 5218
3014 5906
1635 3210
0 564
2872 2891
2384 2384
419 2988
271 3697
271 1529
2758 2758
272 914
1137 5392
783 1137
302 2468
244 365
564 3330
271 2547
358 400
107 7530
0 3137
890 2793
718 4319
271 1192
1268 1268
350 3002
1092 1438
138 272
365 868
273 1392
93 5239
121 365
0 1054
397 523
0 393
331 5274
3565 5614
405 509
72 3120
138 1108
0 3186
262 1160
844 1591
1318 1318
1352 3769
912 6186
2100 2699
2694 2776
5906 7272
1585 1698
832 2022
271 1112
813 813
2476 3559
2891 7170
912 1553
857 857
752 752
138 304
107 5731
3409 3517
1274 5386
81 5065
272 331
890 1904
2223 5608
238 2957
314 1110
1352 3826
2266 2266
572 2007
138 1406
813 4319
2891 5218
93 3727
868 1464
107 868
12 12
271 5336
1133 2309
1137 1369
314 2441
1067 6109
3517 5756
1335 3002
1335 2960
1035 3719
0 3114
1270 7250
785 6977
6310 7384
1008 2737
608 834
1942 4322
1137 1683
134 279
242 327
313 2382
365 1108
2392 3404
138 783
1091 2891
365 5470
271 5439
3968 4207
272 3746
1942 2100
143 2141
241 1137
2894 6347
1163 1346
120 120
1137 5515
2474 3186
764 1688
365 2463
2384 3675
2510 3569
392 551
143 1782
0 1904
87 143
271 7399
1547 7418
358 1565
1984 1984
271 2322
138 1081
3409 3409
988 1035
783 5002
5332 7229
271 2449
312 4544
3854 4207
764 1641
74 74
747 835
1011 4410
143 1086
604 1172
3333 4612
2392 3681
622 808
1160 1799
271 3640
271 3413
1137 6949
676 3521
0 3578
133 238
275 1110
271 6255
1927 2641
0 1112
628 6879
1872 2722
5394 7385
138 572
3233 4725
145 747
2891 5422
77 77
271 3118
6552 6552
365 5158
0 2577
271 7232
271 6994
1490 3389
365 5084
2109 2109
3621 3660
271 2084
107 2602
1008 1811
54 54
27 5906
271 2962
276 5392
365 727
6600 6600
868 1695
295 562
783 3506
271 6390
2911 5428
2828 6220
2562 2891
0 2665
1137 6961
271 7037
271 6249
1137 6952
68 2085
238 308
271 2425
224 6546
231 2988
1893 2636
365 1251
5710 5710
1116 1541
232 271
1101 2427
1900 1951
81 3131
3986 4377
271 7310
641 4319
271 7401
2891 7362
81 1122
2404 5906
2891 6092
1438 1438
93 5872
84 1585
868 1008
107 7133
272 1035
2891 7283
846 918
331 1035
365 680
365 5391
279 2202
2395 5496
143 595
1035 1908
2828 2828
365 6998
2286 2891
81 5815
84 84
564 4539
1335 3025
1872 2668
93 6179
507 2050
753 1663
0 1343
2742 2742
781 1900
12 5906
1406 6055
1779 1779
1035 4096
1008 4319
3517 6051
325 1053
0 290
0 93
271 5935
69 1401
1108 2343
298 392
81 1380
584 2086
2043 4376
382 6562
271 7551
2891 6417
783 5434
365 2502
1008 1908
857 3187
730 2085
1188 5906
279 7636
2665 2665
143 3517
365 846
1693 2474
114 808
745 841
366 1961
1981 6666
2891 3386
81 6934
365 5654
138 564
1343 4142
0 680
1137 1257
5049 5049
365 2384
810 4515
747 1268
1051 1764
271 2343
1137 2880
868 2306
365 2577
84 1370
834 1942
1872 1942
0 5332
1872 4064
568 868
2891 5385
271 3041
331 1904
815 815
1904 3753
5732 5906
0 539
783 6366
0 6444
591 1137
365 3466
2468 2614
753 753
583 2238
912 1777
79 271
93 5028
331 4319
261 868
271 5354
572 1921
271 1243
275 625
143 1137
575 2027
1011 3742
147 147
385 700
1872 2696
1352 2019
12 584
764 764
365 1259
2085 2313
93 5071
365 2085
271 1779
271 5112
1923 2717
107 3117
1553 7161
2891 6076
3187 4579
0 2988
1756 2254
297 718
271 6500
912 6133
271 523
572 3720
833 2891
271 3035
2891 5540
3728 4469
1243 5491
1547 6123
365 1553
2991 4064
66 271
2891 3179
0 3479
868 1782
1568 2408
356 1672
365 7011
5660 5660
793 1343
107 3682
912 1397
1551 5906
107 4950
868 1591
1137 5344
277 564
0 5935
2891 6488
93 143
895 2991
271 7335
271 5944
1137 6205
113 279
271 365
271 517
279 500
4066 4066
1777 2614
271 7158
143 2474
271 6412
153 2988
1137 1159
81 1070
985 3832
5855 5902
107 138
2891 5242
3220 3220
21 5375
2085 2306
124 2988
365 1782
564 7097
795 1072
29 1211
271 384
279 446
1011 4506
271 3073
107 519
1693 4878
2928 5699
0 2343
815 5499
1804 3588
3509 5758
747 868
271 6423
56 2988
145 591
2759 4416
365 1422
377 6514
1529 1942
271 7247
595 907
277 3595
1137 5357
582 3300
4200 4295
277 5566
271 539
0 1553
84 1607
77 1085
608 2100
0 46
2455 2891
107 7605
279 426
518 523
365 747
608 890
893 1904
365 1776
377 4259
272 990
1024 1942
599 7420
244 244
1137 7407
38 143
0 2547
1187 5906
365 1199
331 4416
3350 3350
372 808
365 1160
0 1325
116 116
2828 5320
2474 3001
912 2872
609 2468
5876 5876
375 1798
48 912
680 934
138 912
1024 1035
568 1137
1352 2668
3973 4352
2307 2468
642 1130
2238 3541
747 1335
564 7606
761 761
1137 3040
1137 3474
747 1529
2468 3074
1137 1782
507 4441
3683 6292
2894 5033
0 36
747 1397
271 381
279 434
1161 2938
572 1038
46 271
271 6436
365 2088
572 2474
897 2022
895 1942
1137 3670
797 903
302 4319
2891 7105
1782 7190
579 579
271 5393
1011 1011
271 6339
1137 6051
6 72
1622 3227
833 2110
365 5899
271 2264
3066 3066
271 712
271 5279
271 6219
1187 2304
912 1137
1872 1901
365 5330
365 5882
1325 2614
1861 2988
2678 3889
1819 1822
3187 3188
365 3613
2759 2759
599 1011
712 2104
271 7433
70 70
747 1553
365 2106
783 4377
2108 2108
1219 3509
912 1529
1893 2641
803 2618
0 2874
365 5550
357 358
81 156
564 1541
914 2614
1037 2022
2914 5906
764 913
868 2125
138 626
66 5906
1093 1093
2145 2962
2468 2706
1137 3453
2706 3886
2938 2938
1872 1923
1327 5020
3660 3660
2891 3079
1006 1904
988 2891
4545 4708
3753 4416
385 1942
4153 4417
0 4175
1352 1942
5024 5608
271 7091
1624 1656
2377 3565
1901 2891
1108 2235
1048 2748
747 1698
1137 3227
3300 4545
15 2828
271 7357
385 2731
3517 6252
365 2963
379 4382
351 611
5496 5496
1901 2043
271 7460
764 1621
143 379
305 2085
1011 4244
0 5550
1006 2070
143 912
81 5906
271 3700
107 5242
0 2307
1137 2012
271 7517
1799 2468
325 2382
15 1050
912 1544
2264 7107
1019 2991
1942 4305
2502 7165
1130 7465
365 5464
787 2823
2084 3593
344 4422
7095 7095
517 523
564 6034
629 3873
293 2748
143 1081
564 3131
1782 5547
20 81
409 1070
2063 2063
138 629
1445 7546
168 279
1011 3918
1137 6496
279 285
996 4073
365 3025
272 2731
238 3699
356 4802
60 60
1108 5919
103 2404
1137 5391
145 257
1137 1343
1900 3777
81 953
764 1642
271 2546
68 912
271 3114
1942 3720
271 7207
5065 6407
271 905
271 5918
271 6202
72 148
81 6080
0 1739
903 6626
0 7296
50 1571
801 2694
936 5906
2577 2577
1690 3375
868 1777
747 774
1893 2678
0 1469
1319 2614
564 1186
1541 2903
378 1904
1695 4659
988 6622
271 5313
143 236
936 5506
314 2436
1051 1335
572 1871
81 6383
271 2420
238 2295
1051 2835
783 7410
3478 3478
1035 4305
988 1885
4417 5741
154 1110
2511 2891
914 1942
365 1227
271 659
2104 7442
1872 4396
1872 4350
93 523
564 912
271 7364
1130 2224
271 5795
747 767
1051 5063
7394 7394
769 769
1777 2891
890 1137
1872 3771
6943 6943
365 1335
2618 6730
70 272
564 3700
1942 2678
1942 2067
379 1989
93 279
378 6552
271 1600
808 4319
1199 6935
747 910
55 2988
93 3575
912 1352
0 1777
1130 2341
1011 6694
107 564
382 6659
228 238
271 6979
271 2086
271 914
272 1322
2891 3613
271 2453
517 531
1406 1772
868 988
1872 2067
143 2516
1024 3797
868 1024
1192 1407
2063 3973
365 3040
0 1011
1325 1325
93 1346
365 5460
101 2891
1035 1892
365 7061
730 940
271 1811
2468 4725
912 1192
819 5065
990 1322
2363 3521
747 1358
0 145
712 4927
279 424
273 4722
3994 3994
271 2321
1137 2888
23 81
4168 4416
845 1137
13 143
107 1137
271 7296
365 1744
564 1792
676 5094
2699 2699
584 1254
379 3854
1137 2336
913 2145
912 1811
572 834
259 611
271 5812
177 279
1921 3946
271 2123
325 2516
572 1915
1523 2510
0 7211
912 2088
747 1640
0 3577
271 7488
143 606
2891 7415
2891 5660
808 1871
572 3749
365 7498
2478 2614
764 4616
1343 1693
365 5643
1130 6022
1663 3333
272 865
2891 3096
288 744
1659 1659
6252 6489
3845 6659
1877 4343
807 2615
365 1137
1871 1904
564 2145
1051 2614
271 5922
827 831
912 1024
2889 3517
271 728
575 3838
1923 1942
271 7542
2088 2517
358 2281
1768 1768
1137 6135
356 912
912 6147
1211 1869
764 3220
584 2231
1012 2647
2891 5139
747 1650
455 2988
224 572
107 2395
564 7026
271 2424
2891 5792
36 36
365 1093
271 1777
787 1115
1745 1745
1137 5901
1137 1325
1379 2891
1137 2392
1137 2872
2022 3827
0 2891
325 5059
783 6979
271 5025
81 331
2104 2444
107 2293
1782 6976
5025 5025
890 1872
3873 3873
1419 2417
887 1984
365 890
868 1547
1159 2891
572 1437
1553 4305
107 7443
272 4414
0 783
2098 2098
143 156
2636 3726
385 1015
2811 4305
223 303
252 252
1346 1759
529 4262
2298 2298
1223 3186
912 1901
271 1554
2107 6034
3118 3118
314 6312
564 1436
2891 7439
1008 2066
497 636
233 4319
271 1822
655 2891
0 3408
271 839
271 6511
271 2457
107 241
145 868
4416 6838
271 7148
783 2266
365 1547
5713 5816
27 1325
2891 4940
138 785
271 7050
271 7497
2085 2394
1359 2088
271 5706
272 967
81 786
389 718
154 2516
81 1792
2776 3774
70 2891
2706 6897
228 309
519 2891
910 1663
576 1544
271 6147
135 135
912 6390
1335 3646
1235 3253
2155 2155
1921 1942
0 2991
1871 2468
3290 4648
868 2478
224 3870
74 5815
564 2286
572 3728
14 5906
325 539
